0	778.256173	778.256173	386106.884443	778.256173	778.256173	386106.884443	778.256173
1	778.214292	66077.095762	1855.047481			3819081.985689	316727.001479
2	776.956485	65949.102740	782.631975			3139795.980014	163011.299546
3	771.409217	65710.278564	726.115650			2996047.162029	266234.169257
4	764.136738	65133.834785	720.891941			5214273.104854	213298.807474
5	760.056472	63590.639250	728.481218			8134506.850154	305705.123941
6	759.899288	59737.174552	729.697491			10018427.825586	272874.598950
7	764.336373	52300.897355	724.718153			7665709.353435	357813.704802
8	769.948883	42892.863673	725.630455			8012131.163892	331738.451846
9	769.889529	33625.128283	720.426752			8387621.234238	407925.254515
10	769.094977	23200.275144	719.159456			9507585.715489	386106.884443
11	772.297585	14702.305700	724.386522			7949750.419851	452249.064875
12	769.741276	11964.812524	730.300258			7523336.301457	434097.815810
13	768.055888	12464.244676	732.864989			7279792.739647	489892.737302
14	778.005386	13537.457112	735.166632			8128934.045440	475078.976962
15	772.085044	14531.303168	737.042934			7585928.223497	521074.252170
16	715.414022	15447.512691	737.189094			7384261.387416	509221.331901
17	630.015244	16323.488798	737.649625			6861137.579488	546465.906372
18	654.016886	17150.472700	738.392040			7684042.573927	537143.925953
19	643.352149	17900.835536	741.164918			6953036.858254	566890.643590
20	610.491376	18544.507960	919.537872			7642111.250669	559662.600999
21	589.997245	19067.793680	796.456826			6581079.888686	583171.791334
22	584.071883	19477.049059	742.125137			7874507.164632	577631.630516
23	582.372071	19789.798370	739.893020			6635949.061570	596061.922936
24	581.559639	20025.941848	739.722623			8307188.359066	591855.062406
25	581.024528	20203.757279	739.452856			6977627.106746	606214.744896
26	580.661459	20338.313800	739.073188			8934503.427067	603044.666414
27	580.397499	20440.868173	738.607727			7251172.235623	614180.045748
28	580.168901	20519.654268	738.070759			9716560.593058	611806.330784
29	579.911890	20581.057098	737.493823			7666762.501978	620410.228220
30	579.520456	20629.970585	736.909491			10714227.171333	618642.299381
31	579.141494	20669.886628	736.357187			7997129.446774	625271.874501
32	580.822544	20703.210543	735.851193			11623243.086892	623961.191263
33	584.243289	20731.526626	735.397091			8343351.158266	629058.734315
34	583.154004	20755.772575	734.976393			12502308.301730	628090.998613
35	580.469248	20776.605326	734.567789			8531484.330033	632004.267305
36	579.133549	20794.740068	734.147304			12943278.582430	631292.401003
37	578.682762	20810.901678	733.708771			8634338.385885	634292.879245
38	578.539979	20825.588022	733.266839			13304364.080947	633771.060731
39	578.479985	20838.966481	732.846505			8677253.021861	636069.553669
40	578.434185	20850.979401	732.423341			13566750.886262	635688.342150
41	578.386066	20861.540008	731.996640			8657655.258898	637447.876909
42	578.334570	20870.637560	731.588212			13779854.919717	637170.327828
43	578.282677	20878.332864	731.206662			8617736.327868	638516.596500
44	578.233542	20884.736554	730.857921			13811811.994703	638315.223192
45	578.188867	20889.996621	730.548000			8573613.653028	639344.908324
46	578.148563	20894.280514	730.278887			13785313.951059	639199.337610
47	578.111459	20897.757130	730.044875			8535616.629825	639986.676983
48	578.076352	20900.592499	729.854897			13777743.373795	639881.858653
49	578.042618	20902.952247	729.714178			8494065.532590	640483.780157
50	578.010204	20904.990080	729.581971			13768081.179705	640408.630257
51	577.979295	20906.827662	729.463165			8456526.631517	640868.744371
52	577.950046	20908.545741	729.384018			13767050.475043	640815.123582
53	577.922481	20910.189880	729.358575			8418494.111905	641166.813782
54	577.896523	20911.781975	729.338549			13770564.072140	641128.761981
55	577.872049	20913.330677	729.289172			8385641.913944	641397.568862
56	577.848938	20914.838812	729.225469			13776234.383146	641370.733998
57	577.827086	20916.308128	729.161763			8353141.961276	641576.189875
58	577.806407	20917.741936	729.099560			13785898.000937	641557.403323
59	577.786828	20919.146043	729.042331			8322833.383668	641714.441275
60	577.768283	20920.528449	728.989009			13797873.717923	641701.403065
61	577.750711	20921.898435	728.939100			8300187.382256	641821.437572
62	577.734056	20923.265706	728.896256			13815838.839677	641812.483694
63	577.718267	20924.639954	728.843793			8281481.364177	641904.238518
64	577.703300	20926.030790	728.785277			13833083.191117	641898.169347
65	577.689114	20927.447793	728.722675			8266804.904419	641968.311248
66	577.675673	20928.900444	728.666271			13850367.166239	641964.265334
67	577.662942	20930.397825	728.637556			8251226.582525	642017.888876
68	577.650892	20931.948125	728.640885			13867883.939974	642015.250326
69	577.639494	20933.557982	728.618817			8228686.059982	642056.248593
70	577.628719	20935.231754	728.572421			13879790.875997	642054.579262
71	577.618542	20936.970771	728.522042			8197343.380937	642085.927249
72	577.608938	20938.772599	728.472672			13889042.122540	642084.917225
73	577.599883	20940.630332	728.425322			8170793.268869	642108.888415
74	577.591352	20942.531948	728.380353			13900390.718794	642108.319944
75	577.583325	20944.459835	728.338946			8144632.528028	642126.651804
76	577.575779	20946.390802	728.307551			13908141.371272	642126.373087
77	577.568693	20948.297219	728.285996			8121196.438743	642140.393522
78	577.562049	20950.150253	728.271076			13913201.642747	642140.299738
79	577.555826	20951.925699	728.248922			8100552.910555	642151.023697
80	577.550008	20953.610695	728.215844			13905121.853974	642151.043304
81	577.544577	20955.206562	728.180302			8087649.213100	642159.246595
82	577.539515	20956.724580	728.145739			13887564.953346	642159.331470
83	577.534808	20958.178398	728.117806			8083033.282063	642165.607150
84	577.530438	20959.579086	728.087834			13869212.315851	642165.725532
85	577.526390	20960.934018	728.054823			8085193.341187	642170.526995
86	577.522651	20962.247671	728.022066			13856061.403222	642170.658450
87	577.519205	20963.522771	727.990861			8091413.473319	642174.332344
88	577.516038	20964.761212	727.965108			13851673.073989	642174.464194
89	577.513137	20965.964673	727.947002			8096485.426810	642177.275579
90	577.510488	20967.134987	727.924386			13859630.670112	642177.400384
91	577.508080	20968.274338	727.905734			8095643.880119	642179.551948
92	577.505899	20969.385362	727.909866			13875902.130426	642179.665743
93	577.503933	20970.471175	727.914848			8088726.420314	642181.312499
94	577.502172	20971.535358	727.910748			13878397.623361	642181.413573
95	577.500604	20972.581915	727.931734			8081183.569678	642182.674078
96	577.499218	20973.615194	727.945798			13877882.398920	642182.762130
97	577.498004	20974.639818	727.940631			8075317.333610	642183.727071
98	577.496952	20975.660629	727.928108			13877895.777303	642183.802645
99	577.496052	20976.682681	727.915058			8068402.667399	642184.541396
100	577.496052	20976.682681	727.915058			8068402.667399	642184.541396

