confidence	update_only-time (sec)	total-time (sec)	incremental-accuracy	global-accuracy	recompute-time-update	recompute-time-total	recompute-accuracy
0.1	358.508111	466.131	0.614076	0.620913	1192.417799	1303.53	0.644449
0.2	355.232375	458.841	0.614849	0.620702	1192.417799	1303.53	0.644449
0.3	348.354709	448.122	0.615043	0.620885	1192.417799	1303.53	0.644449
0.4	364.548359	461.229	0.615429	0.621009	1192.417799	1303.53	0.644449
0.5	351.085987	447.449	0.616396	0.621201	1192.417799	1303.53	0.644449
0.6	346.946332	436.682	0.620456	0.623255	1192.417799	1303.53	0.644449
0.7	246.279342	293.23	0.718097	0.644708	1192.417799	1303.53	0.644449
0.8	248.442736	296.132	0.718097	0.644708	1192.417799	1303.53	0.644449
0.9	80.517339	114.929	0.678268	0.640734	1192.417799	1303.53	0.644449
