confidence	update_only-time (sec)	total-time (sec)	incremental-accuracy	global-accuracy	recompute-time-update	recompute-time-total	recompute-accuracy
0.1	647.267987	762.158	0.680702	0.672104	3815.224848	3946.59	0.653775
0.2	644.419088	758.277	0.694737	0.670086	3815.224848	3946.59	0.653775
0.3	637.166006	748.46	0.691228	0.668572	3815.224848	3946.59	0.653775
0.4	623.176123	731.711	0.682456	0.667059	3815.224848	3946.59	0.653775
0.5	649.734164	762.673	0.664912	0.662183	3815.224848	3946.59	0.653775
0.6	642.485959	754.555	0.649123	0.655961	3815.224848	3946.59	0.653775
0.7	611.60466	717.778	0.636842	0.663192	3815.224848	3946.59	0.653775
0.8	591.243448	692.051	0.652632	0.670086	3815.224848	3946.59	0.653775
0.9	453.380691	529.411	0.654386	0.671935	3815.224848	3946.59	0.653775
