new-data-percentage	update_only-time	total-time	incremental-accuracy	global-accuracy	recompute-time-update	recompute-time-total	recompute-accuracy(global)
0.1	84.700891	101.649	0.757439	0.769158	402.094195	441.21	0.777271
0.2	117.765695	145.695	0.75991	0.770108	402.094195	441.21	0.777271
0.3	117.159006	146.647	0.769198	0.76602	402.094195	441.21	0.777271
0.4	113.761919	150.928	0.803302	0.771344	402.094195	441.21	0.777271
0.5	125.304856	159.587	0.806058	0.779362	402.094195	441.21	0.777271
0.6	108.721324	140.944	0.82676	0.793212	402.094195	441.21	0.777271
0.7	120.893049	155.467	0.826585	0.791944	402.094195	441.21	0.777271
0.8	131.921951	167.407	0.831847	0.800881	402.094195	441.21	0.777271
0.9	128.734859	171.559	0.819246	0.802307	402.094195	441.21	0.777271
