new-data-percentage	update_only-time	total-time	incremental-accuracy	global-accuracy	recompute-time-update	recompute-time-total	recompute-accuracy(global)
0.1	649.734164	762.673	0.664912	0.662183	3815.224848	3946.59	0.653775
0.2	1460.527295	1718.015	0.671283	0.672608	3815.224848	3946.59	0.653775
0.3	1457.43088	1725.87	0.63217	0.665209	3815.224848	3946.59	0.653775
0.4	1319.791433	1548.677	0.648307	0.655288	3815.224848	3946.59	0.653775
0.5	1339.601295	1577.45	0.659797	0.6679	3815.224848	3946.59	0.653775
0.6	1341.019536	1573.705	0.681021	0.688246	3815.224848	3946.59	0.653775
0.7	644.834059	841.338	0.754854	0.764251	3815.224848	3946.59	0.653775
0.8	758.157163	980.454	0.729323	0.736338	3815.224848	3946.59	0.653775
0.9	763.360439	986.183	0.748378	0.751471	3815.224848	3946.59	0.653775
