----------Computing----------
Iter = 0
Size = 36813
Delta = 0.000000
ObjValue = 1.794939

Iter = 1
Size = 36813
Delta = 0.788978
ObjValue = 0.021026

Iter = 2
Size = 36813
Delta = 0.166553
ObjValue = 0.039860

Iter = 3
Size = 36813
Delta = 1.233985
ObjValue = 1467.371367

B_AB = {{0.000000 0.000000 0.000000 0.000000 0.000000 0.000000 0.000000 0.000000 0.000000 0.000000 0.000000 0.000000 0.000000 0.000000 0.000000 0.000000 0.000000 0.000000 0.000000 }{0.000000 0.000000 0.000000 0.000000 0.000000 0.000000 0.000000 0.000000 0.000000 0.000000 0.000000 0.000000 0.000000 0.000000 0.000000 0.000000 0.000000 0.000000 0.000000 }{0.000000 0.000000 0.000000 0.000000 0.000000 0.000000 0.000000 0.000000 0.000000 0.000000 0.000000 0.000000 0.000000 0.000000 0.000000 0.000000 0.000000 0.000000 0.000000 }{0.000000 0.000000 0.000000 0.000000 0.000000 0.000000 0.000000 0.000000 0.000000 0.000000 0.000000 0.000000 0.000000 0.000000 0.000000 0.000000 0.000000 0.000000 0.000000 }{0.000000 0.000000 0.000000 0.000000 0.000000 0.000000 0.000000 0.000000 0.000000 0.000000 0.000000 0.000000 0.000000 0.000000 0.000000 0.000000 0.000000 0.000000 0.000000 }{0.000000 0.000000 0.000000 0.000000 0.000000 0.000000 0.000000 0.000000 0.000000 0.000000 0.000000 0.000000 0.000000 0.000000 0.000000 0.000000 0.000000 0.000000 0.000000 }{0.000000 0.000000 0.000000 0.000000 0.000000 0.000000 0.000000 0.000000 0.000000 0.000000 0.000000 0.000000 0.000000 0.000000 0.000000 0.000000 0.000000 0.000000 0.000000 }{0.000000 0.000000 0.000000 0.000000 0.000000 0.000000 0.000000 0.000000 0.000000 0.000000 0.000000 0.000000 0.000000 0.000000 0.000000 0.000000 0.000000 0.000000 0.000000 }{0.000000 0.000000 0.000000 0.000000 0.000000 0.000000 0.000000 0.000000 0.000000 0.000000 0.000000 0.000000 0.000000 0.000000 0.000000 0.000000 0.000000 0.000000 0.000000 }{0.000000 0.000000 0.000000 0.000000 0.000000 0.000000 0.000000 0.000000 0.000000 0.000000 0.000000 0.000000 0.000000 0.000000 0.000000 0.000000 0.000000 0.000000 0.000000 }{0.000000 0.000000 0.000000 0.000000 0.000000 0.000000 0.000000 0.000000 0.000000 0.000000 0.000000 0.000000 0.000000 0.000000 0.000000 0.000000 0.000000 0.000000 0.000000 }{0.000000 0.000000 0.000000 0.000000 0.000000 0.000000 0.000000 0.000000 0.000000 0.000000 0.000000 0.000000 0.000000 0.000000 0.000000 0.000000 0.000000 0.000000 0.000000 }{0.000000 0.000000 0.000000 0.000000 0.000000 0.000000 0.000000 0.000000 0.000000 0.000000 0.000000 0.000000 0.000000 0.000000 0.000000 0.000000 0.000000 0.000000 0.000000 }{0.000000 0.000000 0.000000 0.000000 0.000000 0.000000 0.000000 0.000000 0.000000 0.000000 0.000000 0.000000 0.000000 0.000000 0.000000 0.000000 0.000000 0.000000 0.000000 }{0.000000 0.000000 0.000000 0.000000 0.000000 0.000000 0.000000 0.000000 0.000000 0.000000 0.000000 0.000000 0.000000 0.000000 0.000000 0.000000 0.000000 0.000000 0.000000 }{0.000000 0.000000 0.000000 0.000000 0.000000 0.000000 0.000000 0.000000 0.000000 0.000000 0.000000 0.000000 0.000000 0.000000 0.000000 0.000000 0.000000 0.000000 0.000000 }{0.000000 0.000000 0.000000 0.000000 0.000000 0.000000 0.000000 0.000000 0.000000 0.000000 0.000000 0.000000 0.000000 0.000000 0.000000 0.000000 0.000000 0.000000 0.000000 }{0.000000 0.000000 0.000000 0.000000 0.000000 0.000000 0.000000 0.000000 0.000000 0.000000 0.000000 0.000000 0.000000 0.000000 0.000000 0.000000 0.000000 0.000000 0.000000 }{0.000000 0.000000 0.000000 0.000000 0.000000 0.000000 0.000000 0.000000 0.000000 0.000000 0.000000 0.000000 0.000000 0.000000 0.000000 0.000000 0.000000 0.000000 0.000000 }}
B_AC = {{0.000000 0.000000 0.000000 0.000000 0.000000 0.000000 0.000000 0.000000 0.000000 0.000000 0.000000 0.000000 0.000000 0.000000 0.000000 0.000000 0.000000 0.000000 0.000000 }{0.000000 0.000000 0.000000 0.000000 0.000000 0.000000 0.000000 0.000000 0.000000 0.000000 0.000000 0.000000 0.000000 0.000000 0.000000 0.000000 0.000000 0.000000 0.000000 }{0.000000 0.000005 0.000000 0.000451 0.000000 0.000000 0.000010 0.000000 0.000000 0.000000 0.000000 0.000000 0.000000 0.000000 0.000000 0.000000 0.000000 0.000000 0.000000 }{0.000000 0.000000 0.000000 0.000000 0.000000 0.000000 0.000000 0.000000 0.000000 0.000000 0.000000 0.000000 0.000000 0.000000 0.000000 0.000000 0.000000 0.000000 0.000000 }{0.000000 0.000033 0.008364 0.003669 0.000000 0.015977 0.000076 0.022497 0.019362 0.014817 0.025328 0.022497 0.025328 0.025328 0.025328 0.025328 0.022497 0.025328 0.025328 }{0.000000 0.000026 0.006259 0.002881 0.008184 0.000000 0.000060 0.008936 0.008629 0.007853 0.009522 0.008936 0.009522 0.009522 0.009522 0.009522 0.008936 0.009522 0.009522 }{0.000000 0.000000 0.000000 0.000000 0.000000 0.000000 0.000000 0.000000 0.000000 0.000000 0.000000 0.000000 0.000000 0.000000 0.000000 0.000000 0.000000 0.000000 0.000000 }{0.000000 0.000046 0.012116 0.005090 0.034987 0.029931 0.000105 0.000000 0.038746 0.027368 0.053913 0.047011 0.053913 0.053913 0.053913 0.053913 0.047011 0.053913 0.053913 }{0.000000 0.000037 0.009561 0.004120 0.023186 0.020388 0.000085 0.030233 0.000000 0.018786 0.034346 0.030233 0.034346 0.034346 0.034346 0.034346 0.030233 0.034346 0.034346 }{0.000000 0.000024 0.005446 0.002577 0.004506 0.005261 0.000053 0.003717 0.004497 0.000000 0.003438 0.003717 0.003438 0.003438 0.003438 0.003438 0.003717 0.003438 0.003438 }{0.000000 0.000050 0.013304 0.005560 0.040726 0.034564 0.000115 0.055204 0.045204 0.031521 0.000000 0.055204 0.063478 0.063478 0.063478 0.063478 0.055204 0.063478 0.063478 }{0.000000 0.000046 0.012116 0.005090 0.034987 0.029931 0.000105 0.047011 0.038746 0.027368 0.053913 0.000000 0.053913 0.053913 0.053913 0.053913 0.047011 0.053913 0.053913 }{0.000000 0.000050 0.013304 0.005560 0.040726 0.034564 0.000115 0.055204 0.045204 0.031521 0.063478 0.055204 0.000000 0.063478 0.063478 0.063478 0.055204 0.063478 0.063478 }{0.000000 0.000050 0.013304 0.005560 0.040726 0.034564 0.000115 0.055204 0.045204 0.031521 0.063478 0.055204 0.063478 0.000000 0.063478 0.063478 0.055204 0.063478 0.063478 }{0.000000 0.000050 0.013304 0.005560 0.040726 0.034564 0.000115 0.055204 0.045204 0.031521 0.063478 0.055204 0.063478 0.063478 0.000000 0.063478 0.055204 0.063478 0.063478 }{0.000000 0.000050 0.013304 0.005560 0.040726 0.034564 0.000115 0.055204 0.045204 0.031521 0.063478 0.055204 0.063478 0.063478 0.063478 0.000000 0.055204 0.063478 0.063478 }{0.000000 0.000046 0.012116 0.005090 0.034987 0.029931 0.000105 0.047011 0.038746 0.027368 0.053913 0.047011 0.053913 0.053913 0.053913 0.053913 0.000000 0.053913 0.053913 }{0.000000 0.000050 0.013304 0.005560 0.040726 0.034564 0.000115 0.055204 0.045204 0.031521 0.063478 0.055204 0.063478 0.063478 0.063478 0.063478 0.055204 0.000000 0.063478 }{0.000000 0.000050 0.013304 0.005560 0.040726 0.034564 0.000115 0.055204 0.045204 0.031521 0.063478 0.055204 0.063478 0.063478 0.063478 0.063478 0.055204 0.063478 0.000000 }}
B_BA = {{0.000000 0.000000 0.000000 0.000000 0.000000 0.000000 0.000000 0.000000 0.000000 0.000000 0.000000 0.000000 0.000000 0.000000 0.000000 0.000000 0.000000 0.000000 0.000000 }{0.000000 0.000000 0.000000 0.000000 0.000000 0.000000 0.000000 0.000000 0.000000 0.000000 0.000000 0.000000 0.000000 0.000000 0.000000 0.000000 0.000000 0.000000 0.000000 }{0.000000 0.000000 0.000000 0.000000 0.000000 0.000000 0.000000 0.000000 0.000000 0.000000 0.000000 0.000000 0.000000 0.000000 0.000000 0.000000 0.000000 0.000000 0.000000 }{0.000000 0.000000 0.000000 0.000000 0.000000 0.000000 0.000000 0.000000 0.000000 0.000000 0.000000 0.000000 0.000000 0.000000 0.000000 0.000000 0.000000 0.000000 0.000000 }{0.000000 0.000000 0.000000 0.000000 0.000000 0.000000 0.000000 0.000000 0.000000 0.000000 0.000000 0.000000 0.000000 0.000000 0.000000 0.000000 0.000000 0.000000 0.000000 }{0.000000 0.000000 0.000000 0.000000 0.000000 0.000000 0.000000 0.000000 0.000000 0.000000 0.000000 0.000000 0.000000 0.000000 0.000000 0.000000 0.000000 0.000000 0.000000 }{0.000000 0.000000 0.000000 0.000000 0.000000 0.000000 0.000000 0.000000 0.000000 0.000000 0.000000 0.000000 0.000000 0.000000 0.000000 0.000000 0.000000 0.000000 0.000000 }{0.000000 0.000000 0.000000 0.000000 0.000000 0.000000 0.000000 0.000000 0.000000 0.000000 0.000000 0.000000 0.000000 0.000000 0.000000 0.000000 0.000000 0.000000 0.000000 }{0.000000 0.000000 0.000000 0.000000 0.000000 0.000000 0.000000 0.000000 0.000000 0.000000 0.000000 0.000000 0.000000 0.000000 0.000000 0.000000 0.000000 0.000000 0.000000 }{0.000000 0.000000 0.000000 0.000000 0.000000 0.000000 0.000000 0.000000 0.000000 0.000000 0.000000 0.000000 0.000000 0.000000 0.000000 0.000000 0.000000 0.000000 0.000000 }{0.000000 0.000000 0.000000 0.000000 0.000000 0.000000 0.000000 0.000000 0.000000 0.000000 0.000000 0.000000 0.000000 0.000000 0.000000 0.000000 0.000000 0.000000 0.000000 }{0.000000 0.000000 0.000000 0.000000 0.000000 0.000000 0.000000 0.000000 0.000000 0.000000 0.000000 0.000000 0.000000 0.000000 0.000000 0.000000 0.000000 0.000000 0.000000 }{0.000000 0.000000 0.000000 0.000000 0.000000 0.000000 0.000000 0.000000 0.000000 0.000000 0.000000 0.000000 0.000000 0.000000 0.000000 0.000000 0.000000 0.000000 0.000000 }{0.000000 0.000000 0.000000 0.000000 0.000000 0.000000 0.000000 0.000000 0.000000 0.000000 0.000000 0.000000 0.000000 0.000000 0.000000 0.000000 0.000000 0.000000 0.000000 }{0.000000 0.000000 0.000000 0.000000 0.000000 0.000000 0.000000 0.000000 0.000000 0.000000 0.000000 0.000000 0.000000 0.000000 0.000000 0.000000 0.000000 0.000000 0.000000 }{0.000000 0.000000 0.000000 0.000000 0.000000 0.000000 0.000000 0.000000 0.000000 0.000000 0.000000 0.000000 0.000000 0.000000 0.000000 0.000000 0.000000 0.000000 0.000000 }{0.000000 0.000000 0.000000 0.000000 0.000000 0.000000 0.000000 0.000000 0.000000 0.000000 0.000000 0.000000 0.000000 0.000000 0.000000 0.000000 0.000000 0.000000 0.000000 }{0.000000 0.000000 0.000000 0.000000 0.000000 0.000000 0.000000 0.000000 0.000000 0.000000 0.000000 0.000000 0.000000 0.000000 0.000000 0.000000 0.000000 0.000000 0.000000 }{0.000000 0.000000 0.000000 0.000000 0.000000 0.000000 0.000000 0.000000 0.000000 0.000000 0.000000 0.000000 0.000000 0.000000 0.000000 0.000000 0.000000 0.000000 0.000000 }}
B_BC = {{0.000000 0.000000 0.000000 0.000000 0.000000 0.000000 0.000000 0.000000 0.000000 0.000000 0.000000 0.000000 0.000000 0.000000 0.000000 0.000000 0.000000 0.000000 0.000000 }{0.000000 0.000000 0.000000 0.000000 0.000000 0.000000 0.000000 0.000000 0.000000 0.000000 0.000000 0.000000 0.000000 0.000000 0.000000 0.000000 0.000000 0.000000 0.000000 }{0.000000 0.000000 0.000000 0.000000 0.000000 0.000000 0.000000 0.000000 0.000000 0.000000 0.000000 0.000000 0.000000 0.000000 0.000000 0.000000 0.000000 0.000000 0.000000 }{0.000000 0.000000 0.000000 0.000000 0.000000 0.000000 0.000000 0.000000 0.000000 0.000000 0.000000 0.000000 0.000000 0.000000 0.000000 0.000000 0.000000 0.000000 0.000000 }{0.000000 0.000005 0.003985 0.001267 0.000000 0.012101 0.000022 0.020375 0.016325 0.010922 0.023590 0.020375 0.023590 0.023590 0.023590 0.023590 0.020375 0.023590 0.023590 }{0.000000 0.000003 0.002318 0.000730 0.008686 0.000000 0.000013 0.012061 0.009656 0.006445 0.013971 0.012061 0.013971 0.013971 0.013971 0.013971 0.012061 0.013971 0.013971 }{0.000000 0.000000 0.000000 0.000000 0.000000 0.000000 0.000000 0.000000 0.000000 0.000000 0.000000 0.000000 0.000000 0.000000 0.000000 0.000000 0.000000 0.000000 0.000000 }{0.000000 0.000009 0.007445 0.002383 0.027183 0.022393 0.000042 0.000000 0.030162 0.020211 0.043547 0.037623 0.043547 0.043547 0.043547 0.043547 0.037623 0.043547 0.043547 }{0.000000 0.000006 0.004937 0.001574 0.018137 0.014933 0.000028 0.025122 0.000000 0.013478 0.029083 0.025122 0.029083 0.029083 0.029083 0.029083 0.025122 0.029083 0.029083 }{0.000000 0.000002 0.001677 0.000523 0.006376 0.005235 0.000009 0.008870 0.007096 0.000000 0.010279 0.008870 0.010279 0.010279 0.010279 0.010279 0.008870 0.010279 0.010279 }{0.000000 0.000011 0.009364 0.003001 0.034103 0.028100 0.000053 0.047186 0.037834 0.025361 0.000000 0.047186 0.054612 0.054612 0.054612 0.054612 0.047186 0.054612 0.054612 }{0.000000 0.000009 0.007445 0.002383 0.027183 0.022393 0.000042 0.037623 0.030162 0.020211 0.043547 0.000000 0.043547 0.043547 0.043547 0.043547 0.037623 0.043547 0.043547 }{0.000000 0.000011 0.009364 0.003001 0.034103 0.028100 0.000053 0.047186 0.037834 0.025361 0.054612 0.047186 0.000000 0.054612 0.054612 0.054612 0.047186 0.054612 0.054612 }{0.000000 0.000011 0.009364 0.003001 0.034103 0.028100 0.000053 0.047186 0.037834 0.025361 0.054612 0.047186 0.054612 0.000000 0.054612 0.054612 0.047186 0.054612 0.054612 }{0.000000 0.000011 0.009364 0.003001 0.034103 0.028100 0.000053 0.047186 0.037834 0.025361 0.054612 0.047186 0.054612 0.054612 0.000000 0.054612 0.047186 0.054612 0.054612 }{0.000000 0.000011 0.009364 0.003001 0.034103 0.028100 0.000053 0.047186 0.037834 0.025361 0.054612 0.047186 0.054612 0.054612 0.054612 0.000000 0.047186 0.054612 0.054612 }{0.000000 0.000009 0.007445 0.002383 0.027183 0.022393 0.000042 0.037623 0.030162 0.020211 0.043547 0.037623 0.043547 0.043547 0.043547 0.043547 0.000000 0.043547 0.043547 }{0.000000 0.000011 0.009364 0.003001 0.034103 0.028100 0.000053 0.047186 0.037834 0.025361 0.054612 0.047186 0.054612 0.054612 0.054612 0.054612 0.047186 0.000000 0.054612 }{0.000000 0.000011 0.009364 0.003001 0.034103 0.028100 0.000053 0.047186 0.037834 0.025361 0.054612 0.047186 0.054612 0.054612 0.054612 0.054612 0.047186 0.054612 0.000000 }}
B_CA = {{0.000000 0.000000 0.000000 0.000000 0.000000 0.000000 0.000000 0.000000 0.000000 0.000000 0.000000 0.000000 0.000000 0.000000 0.000000 0.000000 0.000000 0.000000 0.000000 }{0.000000 0.000000 0.000005 0.000000 0.000033 0.000026 0.000000 0.000046 0.000037 0.000024 0.000050 0.000046 0.000050 0.000050 0.000050 0.000050 0.000046 0.000050 0.000050 }{0.000000 0.000000 0.000000 0.000000 0.008363 0.006258 0.000000 0.012115 0.009560 0.005445 0.013303 0.012115 0.013303 0.013303 0.013303 0.013303 0.012115 0.013303 0.013303 }{0.000000 0.000000 0.000450 0.000000 0.003669 0.002880 0.000000 0.005090 0.004119 0.002576 0.005560 0.005090 0.005560 0.005560 0.005560 0.005560 0.005090 0.005560 0.005560 }{0.000000 0.000000 0.000000 0.000000 0.000000 0.008180 0.000000 0.034984 0.023183 0.004502 0.040723 0.034984 0.040723 0.040723 0.040723 0.040723 0.034984 0.040723 0.040723 }{0.000000 0.000000 0.000000 0.000000 0.015975 0.000000 0.000000 0.029928 0.020385 0.005258 0.034561 0.029928 0.034561 0.034561 0.034561 0.034561 0.029928 0.034561 0.034561 }{0.000000 0.000000 0.000010 0.000000 0.000076 0.000060 0.000000 0.000105 0.000085 0.000053 0.000115 0.000105 0.000115 0.000115 0.000115 0.000115 0.000105 0.000115 0.000115 }{0.000000 0.000000 0.000000 0.000000 0.022492 0.008932 0.000000 0.000000 0.030229 0.003712 0.055199 0.047006 0.055199 0.055199 0.055199 0.055199 0.047006 0.055199 0.055199 }{0.000000 0.000000 0.000000 0.000000 0.019358 0.008625 0.000000 0.038743 0.000000 0.004493 0.045201 0.038743 0.045201 0.045201 0.045201 0.045201 0.038743 0.045201 0.045201 }{0.000000 0.000000 0.000000 0.000000 0.014814 0.007850 0.000000 0.027366 0.018784 0.000000 0.031518 0.027366 0.031518 0.031518 0.031518 0.031518 0.027366 0.031518 0.031518 }{0.000000 0.000000 0.000000 0.000000 0.025322 0.009516 0.000000 0.053907 0.034341 0.003433 0.000000 0.053907 0.063472 0.063472 0.063472 0.063472 0.053907 0.063472 0.063472 }{0.000000 0.000000 0.000000 0.000000 0.022492 0.008932 0.000000 0.047006 0.030229 0.003712 0.055199 0.000000 0.055199 0.055199 0.055199 0.055199 0.047006 0.055199 0.055199 }{0.000000 0.000000 0.000000 0.000000 0.025322 0.009516 0.000000 0.053907 0.034341 0.003433 0.063472 0.053907 0.000000 0.063472 0.063472 0.063472 0.053907 0.063472 0.063472 }{0.000000 0.000000 0.000000 0.000000 0.025322 0.009516 0.000000 0.053907 0.034341 0.003433 0.063472 0.053907 0.063472 0.000000 0.063472 0.063472 0.053907 0.063472 0.063472 }{0.000000 0.000000 0.000000 0.000000 0.025322 0.009516 0.000000 0.053907 0.034341 0.003433 0.063472 0.053907 0.063472 0.063472 0.000000 0.063472 0.053907 0.063472 0.063472 }{0.000000 0.000000 0.000000 0.000000 0.025322 0.009516 0.000000 0.053907 0.034341 0.003433 0.063472 0.053907 0.063472 0.063472 0.063472 0.000000 0.053907 0.063472 0.063472 }{0.000000 0.000000 0.000000 0.000000 0.022492 0.008932 0.000000 0.047006 0.030229 0.003712 0.055199 0.047006 0.055199 0.055199 0.055199 0.055199 0.000000 0.055199 0.055199 }{0.000000 0.000000 0.000000 0.000000 0.025322 0.009516 0.000000 0.053907 0.034341 0.003433 0.063472 0.053907 0.063472 0.063472 0.063472 0.063472 0.053907 0.000000 0.063472 }{0.000000 0.000000 0.000000 0.000000 0.025322 0.009516 0.000000 0.053907 0.034341 0.003433 0.063472 0.053907 0.063472 0.063472 0.063472 0.063472 0.053907 0.063472 0.000000 }}
B_CB = {{0.000000 0.000000 0.000000 0.000000 0.000000 0.000000 0.000000 0.000000 0.000000 0.000000 0.000000 0.000000 0.000000 0.000000 0.000000 0.000000 0.000000 0.000000 0.000000 }{0.000000 0.000000 0.000000 0.000000 0.000005 0.000003 0.000000 0.000009 0.000006 0.000002 0.000011 0.000009 0.000011 0.000011 0.000011 0.000011 0.000009 0.000011 0.000011 }{0.000000 0.000000 0.000000 0.000000 0.003985 0.002318 0.000000 0.007445 0.004937 0.001677 0.009364 0.007445 0.009364 0.009364 0.009364 0.009364 0.007445 0.009364 0.009364 }{0.000000 0.000000 0.000000 0.000000 0.001267 0.000730 0.000000 0.002383 0.001574 0.000523 0.003001 0.002383 0.003001 0.003001 0.003001 0.003001 0.002383 0.003001 0.003001 }{0.000000 0.000000 0.000000 0.000000 0.000000 0.008686 0.000000 0.027183 0.018137 0.006376 0.034103 0.027183 0.034103 0.034103 0.034103 0.034103 0.027183 0.034103 0.034103 }{0.000000 0.000000 0.000000 0.000000 0.012101 0.000000 0.000000 0.022393 0.014933 0.005235 0.028100 0.022393 0.028100 0.028100 0.028100 0.028100 0.022393 0.028100 0.028100 }{0.000000 0.000000 0.000000 0.000000 0.000022 0.000013 0.000000 0.000042 0.000028 0.000009 0.000053 0.000042 0.000053 0.000053 0.000053 0.000053 0.000042 0.000053 0.000053 }{0.000000 0.000000 0.000000 0.000000 0.020375 0.012061 0.000000 0.000000 0.025122 0.008870 0.047186 0.037623 0.047186 0.047186 0.047186 0.047186 0.037623 0.047186 0.047186 }{0.000000 0.000000 0.000000 0.000000 0.016325 0.009656 0.000000 0.030162 0.000000 0.007096 0.037834 0.030162 0.037834 0.037834 0.037834 0.037834 0.030162 0.037834 0.037834 }{0.000000 0.000000 0.000000 0.000000 0.010922 0.006445 0.000000 0.020211 0.013478 0.000000 0.025361 0.020211 0.025361 0.025361 0.025361 0.025361 0.020211 0.025361 0.025361 }{0.000000 0.000000 0.000000 0.000000 0.023590 0.013971 0.000000 0.043547 0.029083 0.010279 0.000000 0.043547 0.054612 0.054612 0.054612 0.054612 0.043547 0.054612 0.054612 }{0.000000 0.000000 0.000000 0.000000 0.020375 0.012061 0.000000 0.037623 0.025122 0.008870 0.047186 0.000000 0.047186 0.047186 0.047186 0.047186 0.037623 0.047186 0.047186 }{0.000000 0.000000 0.000000 0.000000 0.023590 0.013971 0.000000 0.043547 0.029083 0.010279 0.054612 0.043547 0.000000 0.054612 0.054612 0.054612 0.043547 0.054612 0.054612 }{0.000000 0.000000 0.000000 0.000000 0.023590 0.013971 0.000000 0.043547 0.029083 0.010279 0.054612 0.043547 0.054612 0.000000 0.054612 0.054612 0.043547 0.054612 0.054612 }{0.000000 0.000000 0.000000 0.000000 0.023590 0.013971 0.000000 0.043547 0.029083 0.010279 0.054612 0.043547 0.054612 0.054612 0.000000 0.054612 0.043547 0.054612 0.054612 }{0.000000 0.000000 0.000000 0.000000 0.023590 0.013971 0.000000 0.043547 0.029083 0.010279 0.054612 0.043547 0.054612 0.054612 0.054612 0.000000 0.043547 0.054612 0.054612 }{0.000000 0.000000 0.000000 0.000000 0.020375 0.012061 0.000000 0.037623 0.025122 0.008870 0.047186 0.037623 0.047186 0.047186 0.047186 0.047186 0.000000 0.047186 0.047186 }{0.000000 0.000000 0.000000 0.000000 0.023590 0.013971 0.000000 0.043547 0.029083 0.010279 0.054612 0.043547 0.054612 0.054612 0.054612 0.054612 0.043547 0.000000 0.054612 }{0.000000 0.000000 0.000000 0.000000 0.023590 0.013971 0.000000 0.043547 0.029083 0.010279 0.054612 0.043547 0.054612 0.054612 0.054612 0.054612 0.043547 0.054612 0.000000 }}
0.442949sec per iteration
Old accuracy = 2136/5947

Processed in 8.744794sec (4.817991sec for IO)
Done.
