0.1	0.8855534709	0.8746394924	0.2367021277	0.637593985
0.2	0.861163227	0.876946741	0.2367021277	0.6240601504
0.3	0.861163227	0.8773312824	0.2362588652	0.6240601504
0.4	0.8624140088	0.8796385311	0.2362588652	0.6240601504
0.5	0.8830519074	0.8804076139	0.6609042553	0.6240601504
0.6	0.8830519074	0.8817535089	0.6835106383	0.6045112782
0.7	0.8830519074	0.8921361277	0.6835106383	0.6045112782
0.8	0.8830519074	0.8921361277	0.6835106383	0.7864661654
0.9	0.8830519074	0.8921361277	0.6835106383	0.7864661654

