Inferencer=ARR
Selector=DEG
Iter = 1
Size = 36813
Delta = 25217.631282
ObjValue = 314.001466
Iter = 2
Size = 36813
Delta = 26095.860997
ObjValue = 242.489433
Iter = 3
Size = 36813
Delta = 18299.296492
ObjValue = 120.015444
Iter = 4
Size = 36813
Delta = 5448.169077
ObjValue = 38.074285
Iter = 5
Size = 36813
Delta = 758.613329
ObjValue = 32.506250
Iter = 6
Size = 36813
Delta = 432.029481
ObjValue = 28.855250
Iter = 7
Size = 36813
Delta = 344.777368
ObjValue = 26.427967
Iter = 8
Size = 36813
Delta = 281.244457
ObjValue = 24.800081
Iter = 9
Size = 36813
Delta = 233.010078
ObjValue = 23.684019
Iter = 10
Size = 36813
Delta = 189.961361
ObjValue = 22.908363
Iter = 11
Size = 36813
Delta = 158.734486
ObjValue = 22.351983
Iter = 12
Size = 36813
Delta = 100.305255
ObjValue = 21.977477
Iter = 13
Size = 36813
Delta = 67.542828
ObjValue = 21.654570
Iter = 14
Size = 36813
Delta = 62.033792
ObjValue = 21.392137
Iter = 15
Size = 36813
Delta = 55.054351
ObjValue = 21.193719
Iter = 16
Size = 36813
Delta = 51.393510
ObjValue = 21.008772
Iter = 17
Size = 36813
Delta = 52.614073
ObjValue = 20.842720
Iter = 18
Size = 36813
Delta = 48.215019
ObjValue = 20.730027
Iter = 19
Size = 36813
Delta = 45.363961
ObjValue = 20.617216
Iter = 20
Size = 36813
Delta = 49.035400
ObjValue = 20.501063
B =
{{0.6445269520623895, 1.0E-9, 1.0E-9, 1.0E-9, 1.0E-9, 1.0E-9, 1.0E-9, 1.0E-9, 1.0E-9, 1.0E-9, 1.0E-9, 1.0E-9, 1.0E-9, 1.0E-9, 1.0E-9, 1.0E-9, 1.0E-9, 1.0E-9, 1.0E-9}, {1.0E-9, 0.49504682133153777, 1.0E-9, 1.0E-9, 1.0E-9, 1.0E-9, 1.0E-9, 1.0E-9, 1.0E-9, 1.0E-9, 1.0E-9, 1.0E-9, 1.0E-9, 1.0E-9, 1.0E-9, 1.0E-9, 1.0E-9, 1.0E-9, 1.0E-9}, {1.0E-9, 1.0E-9, 0.7851876365533021, 1.0E-9, 1.0E-9, 1.0E-9, 1.0E-9, 1.0E-9, 1.0E-9, 1.0E-9, 1.0E-9, 1.0E-9, 1.0E-9, 1.0E-9, 1.0E-9, 1.0E-9, 1.0E-9, 1.0E-9, 1.0E-9}, {1.0E-9, 1.0E-9, 1.0E-9, 0.40365687620632507, 1.0E-9, 1.0E-9, 1.0E-9, 1.0E-9, 1.0E-9, 1.0E-9, 1.0E-9, 1.0E-9, 1.0E-9, 1.0E-9, 1.0E-9, 1.0E-9, 1.0E-9, 1.0E-9, 1.0E-9}, {1.0E-9, 1.0E-9, 1.0E-9, 1.0E-9, 0.7958473651081706, 1.0E-9, 1.0E-9, 1.0E-9, 1.0E-9, 1.0E-9, 1.0E-9, 1.0E-9, 1.0E-9, 1.0E-9, 1.0E-9, 1.0E-9, 1.0E-9, 1.0E-9, 1.0E-9}, {1.0E-9, 1.0E-9, 1.0E-9, 1.0E-9, 1.0E-9, 0.8100046375529029, 1.0E-9, 1.0E-9, 1.0E-9, 1.0E-9, 1.0E-9, 1.0E-9, 1.0E-9, 1.0E-9, 1.0E-9, 1.0E-9, 1.0E-9, 1.0E-9, 1.0E-9}, {1.0E-9, 1.0E-9, 1.0E-9, 1.0E-9, 1.0E-9, 1.0E-9, 0.49949735312623256, 1.0E-9, 1.0E-9, 1.0E-9, 1.0E-9, 1.0E-9, 1.0E-9, 1.0E-9, 1.0E-9, 1.0E-9, 1.0E-9, 1.0E-9, 1.0E-9}, {1.0E-9, 1.0E-9, 1.0E-9, 1.0E-9, 1.0E-9, 1.0E-9, 1.0E-9, 0.8790744198033642, 1.0E-9, 1.0E-9, 1.0E-9, 1.0E-9, 1.0E-9, 1.0E-9, 1.0E-9, 1.0E-9, 1.0E-9, 1.0E-9, 1.0E-9}, {1.0E-9, 1.0E-9, 1.0E-9, 1.0E-9, 1.0E-9, 1.0E-9, 1.0E-9, 1.0E-9, 0.767530404694085, 1.0E-9, 1.0E-9, 1.0E-9, 1.0E-9, 1.0E-9, 1.0E-9, 1.0E-9, 1.0E-9, 1.0E-9, 1.0E-9}, {1.0E-9, 1.0E-9, 1.0E-9, 1.0E-9, 1.0E-9, 1.0E-9, 1.0E-9, 1.0E-9, 1.0E-9, 0.8790408360796629, 1.0E-9, 1.0E-9, 1.0E-9, 1.0E-9, 1.0E-9, 1.0E-9, 1.0E-9, 1.0E-9, 1.0E-9}, {1.0E-9, 1.0E-9, 1.0E-9, 1.0E-9, 1.0E-9, 1.0E-9, 1.0E-9, 1.0E-9, 1.0E-9, 1.0E-9, 0.8913719914407364, 1.0E-9, 1.0E-9, 1.0E-9, 1.0E-9, 1.0E-9, 1.0E-9, 1.0E-9, 1.0E-9}, {1.0E-9, 1.0E-9, 1.0E-9, 1.0E-9, 1.0E-9, 1.0E-9, 1.0E-9, 1.0E-9, 1.0E-9, 1.0E-9, 1.0E-9, 0.8790744198033642, 1.0E-9, 1.0E-9, 1.0E-9, 1.0E-9, 1.0E-9, 1.0E-9, 1.0E-9}, {1.0E-9, 1.0E-9, 1.0E-9, 1.0E-9, 1.0E-9, 1.0E-9, 1.0E-9, 1.0E-9, 1.0E-9, 1.0E-9, 1.0E-9, 1.0E-9, 0.8913719914407364, 1.0E-9, 1.0E-9, 1.0E-9, 1.0E-9, 1.0E-9, 1.0E-9}, {1.0E-9, 1.0E-9, 1.0E-9, 1.0E-9, 1.0E-9, 1.0E-9, 1.0E-9, 1.0E-9, 1.0E-9, 1.0E-9, 1.0E-9, 1.0E-9, 1.0E-9, 0.8913719914407364, 1.0E-9, 1.0E-9, 1.0E-9, 1.0E-9, 1.0E-9}, {1.0E-9, 1.0E-9, 1.0E-9, 1.0E-9, 1.0E-9, 1.0E-9, 1.0E-9, 1.0E-9, 1.0E-9, 1.0E-9, 1.0E-9, 1.0E-9, 1.0E-9, 1.0E-9, 0.8913719914407364, 1.0E-9, 1.0E-9, 1.0E-9, 1.0E-9}, {1.0E-9, 1.0E-9, 1.0E-9, 1.0E-9, 1.0E-9, 1.0E-9, 1.0E-9, 1.0E-9, 1.0E-9, 1.0E-9, 1.0E-9, 1.0E-9, 1.0E-9, 1.0E-9, 1.0E-9, 0.8913719914407368, 1.0E-9, 1.0E-9, 1.0E-9}, {1.0E-9, 1.0E-9, 1.0E-9, 1.0E-9, 1.0E-9, 1.0E-9, 1.0E-9, 1.0E-9, 1.0E-9, 1.0E-9, 1.0E-9, 1.0E-9, 1.0E-9, 1.0E-9, 1.0E-9, 1.0E-9, 0.8790744198033642, 1.0E-9, 1.0E-9}, {1.0E-9, 1.0E-9, 1.0E-9, 1.0E-9, 1.0E-9, 1.0E-9, 1.0E-9, 1.0E-9, 1.0E-9, 1.0E-9, 1.0E-9, 1.0E-9, 1.0E-9, 1.0E-9, 1.0E-9, 1.0E-9, 1.0E-9, 0.8913719914407368, 1.0E-9}, {1.0E-9, 1.0E-9, 1.0E-9, 1.0E-9, 1.0E-9, 1.0E-9, 1.0E-9, 1.0E-9, 1.0E-9, 1.0E-9, 1.0E-9, 1.0E-9, 1.0E-9, 1.0E-9, 1.0E-9, 1.0E-9, 1.0E-9, 1.0E-9, 0.8913719914407368}}
{{0.9143498137652695, 1.0E-9, 1.0E-9, 1.0E-9, 1.0E-9, 1.0E-9, 1.0E-9, 1.0E-9, 1.0E-9, 1.0E-9, 1.0E-9, 1.0E-9, 1.0E-9, 1.0E-9, 1.0E-9, 1.0E-9, 1.0E-9, 1.0E-9, 1.0E-9}, {1.0E-9, 0.8960417237210515, 1.0E-9, 1.0E-9, 1.0E-9, 1.0E-9, 1.0E-9, 1.0E-9, 1.0E-9, 1.0E-9, 1.0E-9, 1.0E-9, 1.0E-9, 1.0E-9, 1.0E-9, 1.0E-9, 1.0E-9, 1.0E-9, 1.0E-9}, {1.0E-9, 1.0E-9, 0.07280566138973767, 1.0E-9, 1.0E-9, 1.0E-9, 1.0E-9, 1.0E-9, 1.0E-9, 1.0E-9, 1.0E-9, 1.0E-9, 1.0E-9, 1.0E-9, 1.0E-9, 1.0E-9, 1.0E-9, 1.0E-9, 1.0E-9}, {1.0E-9, 1.0E-9, 1.0E-9, 0.27577574636403235, 1.0E-9, 1.0E-9, 1.0E-9, 1.0E-9, 1.0E-9, 1.0E-9, 1.0E-9, 1.0E-9, 1.0E-9, 1.0E-9, 1.0E-9, 1.0E-9, 1.0E-9, 1.0E-9, 1.0E-9}, {1.0E-9, 1.0E-9, 1.0E-9, 1.0E-9, 0.8183851798489641, 1.0E-9, 1.0E-9, 1.0E-9, 1.0E-9, 1.0E-9, 1.0E-9, 1.0E-9, 1.0E-9, 1.0E-9, 1.0E-9, 1.0E-9, 1.0E-9, 1.0E-9, 1.0E-9}, {1.0E-9, 1.0E-9, 1.0E-9, 1.0E-9, 1.0E-9, 1.0E-9, 1.0E-9, 1.0E-9, 1.0E-9, 1.0E-9, 1.0E-9, 1.0E-9, 1.0E-9, 1.0E-9, 1.0E-9, 1.0E-9, 1.0E-9, 1.0E-9, 1.0E-9}, {1.0E-9, 1.0E-9, 1.0E-9, 1.0E-9, 1.0E-9, 1.0E-9, 0.8866334563739904, 1.0E-9, 1.0E-9, 1.0E-9, 1.0E-9, 1.0E-9, 1.0E-9, 1.0E-9, 1.0E-9, 1.0E-9, 1.0E-9, 1.0E-9, 1.0E-9}, {1.0E-9, 1.0E-9, 1.0E-9, 1.0E-9, 1.0E-9, 1.0E-9, 1.0E-9, 0.7768915004006818, 1.0E-9, 1.0E-9, 1.0E-9, 1.0E-9, 1.0E-9, 1.0E-9, 1.0E-9, 1.0E-9, 1.0E-9, 1.0E-9, 1.0E-9}, {1.0E-9, 1.0E-9, 1.0E-9, 1.0E-9, 1.0E-9, 1.0E-9, 1.0E-9, 1.0E-9, 0.834652932867375, 1.0E-9, 1.0E-9, 1.0E-9, 1.0E-9, 1.0E-9, 1.0E-9, 1.0E-9, 1.0E-9, 1.0E-9, 1.0E-9}, {1.2819605702110032E-7, 2.861737992677453E-8, 1.468600788445267E-7, 9.114906528686607E-8, 1.0058617079094814E-9, 1.329070579742147E-7, 1.4378507129862616E-8, 1.00162945517711E-9, 1.0000010371960492E-9, 0.6275829078567267, 1.0E-9, 1.00162945517711E-9, 1.0E-9, 1.0E-9, 1.0E-9, 1.0E-9, 1.0016294551771121E-9, 1.0E-9, 1.0E-9}, {1.0E-9, 1.0E-9, 1.0E-9, 1.0E-9, 1.0E-9, 1.0E-9, 1.0E-9, 1.0E-9, 1.0E-9, 1.0E-9, 0.7355420923549125, 1.0E-9, 1.0E-9, 1.0E-9, 1.0E-9, 1.0E-9, 1.0E-9, 1.0E-9, 1.0E-9}, {1.0E-9, 1.0E-9, 1.0E-9, 1.0E-9, 1.0E-9, 1.0E-9, 1.0E-9, 1.0E-9, 1.0E-9, 1.0E-9, 1.0E-9, 0.7768915004006818, 1.0E-9, 1.0E-9, 1.0E-9, 1.0E-9, 1.0E-9, 1.0E-9, 1.0E-9}, {1.0E-9, 1.0E-9, 1.0E-9, 1.0E-9, 1.0E-9, 1.0E-9, 1.0E-9, 1.0E-9, 1.0E-9, 1.0E-9, 1.0E-9, 1.0E-9, 0.7355420923549125, 1.0E-9, 1.0E-9, 1.0E-9, 1.0E-9, 1.0E-9, 1.0E-9}, {1.0E-9, 1.0E-9, 1.0E-9, 1.0E-9, 1.0E-9, 1.0E-9, 1.0E-9, 1.0E-9, 1.0E-9, 1.0E-9, 1.0E-9, 1.0E-9, 1.0E-9, 0.7355420923549125, 1.0E-9, 1.0E-9, 1.0E-9, 1.0E-9, 1.0E-9}, {1.0E-9, 1.0E-9, 1.0E-9, 1.0E-9, 1.0E-9, 1.0E-9, 1.0E-9, 1.0E-9, 1.0E-9, 1.0E-9, 1.0E-9, 1.0E-9, 1.0E-9, 1.0E-9, 0.7355420923549125, 1.0E-9, 1.0E-9, 1.0E-9, 1.0E-9}, {1.0E-9, 1.0E-9, 1.0E-9, 1.0E-9, 1.0E-9, 1.0E-9, 1.0E-9, 1.0E-9, 1.0E-9, 1.0E-9, 1.0E-9, 1.0E-9, 1.0E-9, 1.0E-9, 1.0E-9, 0.7355420923549125, 1.0E-9, 1.0E-9, 1.0E-9}, {1.0E-9, 1.0E-9, 1.0E-9, 1.0E-9, 1.0E-9, 1.0E-9, 1.0E-9, 1.0E-9, 1.0E-9, 1.0E-9, 1.0E-9, 1.0E-9, 1.0E-9, 1.0E-9, 1.0E-9, 1.0E-9, 0.7768915004006817, 1.0E-9, 1.0E-9}, {1.0E-9, 1.0E-9, 1.0E-9, 1.0E-9, 1.0E-9, 1.0E-9, 1.0E-9, 1.0E-9, 1.0E-9, 1.0E-9, 1.0E-9, 1.0E-9, 1.0E-9, 1.0E-9, 1.0E-9, 1.0E-9, 1.0E-9, 0.7355420923549125, 1.0E-9}, {1.0E-9, 1.0E-9, 1.0E-9, 1.0E-9, 1.0E-9, 1.0E-9, 1.0E-9, 1.0E-9, 1.0E-9, 1.0E-9, 1.0E-9, 1.0E-9, 1.0E-9, 1.0E-9, 1.0E-9, 1.0E-9, 1.0E-9, 1.0E-9, 0.7355420923549125}}
{{0.6554080810565641, 1.0E-9, 1.0E-9, 1.0E-9, 0.008880440447946161, 1.0E-9, 1.0E-9, 1.0E-9, 1.0E-9, 1.0E-9, 0.0013750188050046788, 1.0E-9, 0.0013750188050046788, 0.0013750188050046788, 0.0013750188050046788, 0.0013750188050039936, 1.0E-9, 0.0013750188050039936, 0.0013750188050039936}, {1.0E-9, 0.5339252618715584, 1.0E-9, 1.0E-9, 0.0074442986956326914, 0.003372550009318067, 1.0E-9, 1.0E-9, 1.0E-9, 1.0E-9, 1.0E-9, 1.0E-9, 1.0E-9, 1.0E-9, 1.0E-9, 1.0E-9, 1.0E-9, 1.0E-9, 1.0E-9}, {1.0E-9, 1.0E-9, 0.7819706069273794, 1.0E-9, 0.0022814712478306815, 1.0E-9, 1.0E-9, 1.0E-9, 1.0E-9, 1.0E-9, 1.0E-9, 1.0E-9, 1.0E-9, 1.0E-9, 1.0E-9, 1.0E-9, 1.0E-9, 1.0E-9, 1.0E-9}, {1.0E-9, 1.0E-9, 1.0E-9, 0.36776632852830166, 0.02689161118989855, 0.007916768333400333, 1.0E-9, 4.5770940372186046E-4, 1.0E-9, 1.0E-9, 9.753131394478682E-4, 4.5770940372186046E-4, 9.753131394478682E-4, 9.753131394478682E-4, 9.753131394478682E-4, 9.753131394476284E-4, 4.577094037218262E-4, 9.753131394476284E-4, 9.753131394476284E-4}, {1.0E-9, 1.0E-9, 1.0E-9, 1.0E-9, 0.8819203929327271, 0.003417196565398588, 1.0E-9, 1.0E-9, 1.0E-9, 1.0E-9, 1.0E-9, 1.0E-9, 1.0E-9, 1.0E-9, 1.0E-9, 1.0E-9, 1.0E-9, 1.0E-9, 1.0E-9}, {1.0E-9, 1.0E-9, 1.0E-9, 1.0E-9, 1.0E-9, 0.7948843448390387, 1.0E-9, 1.0E-9, 1.0E-9, 1.0E-9, 1.0E-9, 1.0E-9, 1.0E-9, 1.0E-9, 1.0E-9, 1.0E-9, 1.0E-9, 1.0E-9, 1.0E-9}, {1.0E-9, 1.0E-9, 1.0E-9, 1.0E-9, 0.003499282850425884, 1.0E-9, 0.608290702032462, 8.068522502758916E-4, 1.0E-9, 1.0E-9, 0.001584518336161652, 8.068522502758916E-4, 0.001584518336161652, 0.001584518336161652, 0.001584518336161652, 0.0015845183361614806, 8.068522502758231E-4, 0.0015845183361614806, 0.0015845183361614806}, {1.0E-9, 1.0E-9, 1.0E-9, 1.0E-9, 1.0E-9, 1.0E-9, 1.0E-9, 0.8938471604977434, 4.3090481453288596E-5, 1.0E-9, 1.7722754344829856E-4, 1.3863153696164592E-4, 1.7722754344829856E-4, 1.7722754344829856E-4, 1.7722754344829856E-4, 1.7722754344829625E-4, 1.386315369616433E-4, 1.7722754344829653E-4, 1.7722754344829653E-4}, {1.0E-9, 1.0E-9, 1.0E-9, 1.0E-9, 1.0E-9, 1.0E-9, 1.0E-9, 1.0E-9, 0.8242900897756927, 1.0E-9, 1.0E-9, 1.0E-9, 1.0E-9, 1.0E-9, 1.0E-9, 1.0E-9, 1.0E-9, 1.0E-9, 1.0E-9}, {1.0E-9, 1.0E-9, 1.0E-9, 1.0E-9, 7.642719042275887E-4, 1.0E-9, 1.0E-9, 1.0E-9, 1.0E-9, 0.8826185096183352, 1.0E-9, 1.0E-9, 1.0E-9, 1.0E-9, 1.0E-9, 1.0E-9, 1.0E-9, 1.0E-9, 1.0E-9}, {1.0E-9, 1.0E-9, 1.0E-9, 1.0E-9, 1.0E-9, 1.0E-9, 1.0E-9, 1.7710146594107564E-4, 6.15200739910848E-5, 1.0E-9, 0.9061231074451682, 1.7710146594107564E-4, 2.2295189811258966E-4, 2.2295189811258966E-4, 2.2295189811258966E-4, 2.2295189811258635E-4, 1.7710146594107163E-4, 2.2295189811258635E-4, 2.2295189811258635E-4}, {1.0E-9, 1.0E-9, 1.0E-9, 1.0E-9, 1.0E-9, 1.0E-9, 1.0E-9, 1.3863153696164876E-4, 4.309048145328853E-5, 1.0E-9, 1.7722754344829756E-4, 0.8938471604977433, 1.7722754344829756E-4, 1.7722754344829756E-4, 1.7722754344829756E-4, 1.7722754344829693E-4, 1.3863153696164464E-4, 1.7722754344829693E-4, 1.7722754344829693E-4}, {1.0E-9, 1.0E-9, 1.0E-9, 1.0E-9, 1.0E-9, 1.0E-9, 1.0E-9, 1.7710146594107775E-4, 6.152007399106743E-5, 1.0E-9, 2.229518981125906E-4, 1.7710146594107775E-4, 0.9061231074451682, 2.229518981125906E-4, 2.229518981125906E-4, 2.2295189811258792E-4, 1.771014659410742E-4, 2.229518981125882E-4, 2.229518981125882E-4}, {1.0E-9, 1.0E-9, 1.0E-9, 1.0E-9, 1.0E-9, 1.0E-9, 1.0E-9, 1.771014659410809E-4, 6.152007399106911E-5, 1.0E-9, 2.2295189811258364E-4, 1.771014659410809E-4, 2.2295189811258364E-4, 0.9061231074451682, 2.2295189811258364E-4, 2.2295189811258968E-4, 1.7710146594107764E-4, 2.2295189811259012E-4, 2.2295189811259012E-4}, {1.0E-9, 1.0E-9, 1.0E-9, 1.0E-9, 1.0E-9, 1.0E-9, 1.0E-9, 1.771014659410804E-4, 6.152007399106876E-5, 1.0E-9, 2.2295189811258028E-4, 1.771014659410804E-4, 2.2295189811258028E-4, 2.2295189811258028E-4, 0.9061231074451682, 2.2295189811257814E-4, 1.7710146594107623E-4, 2.2295189811257814E-4, 2.2295189811257814E-4}, {1.0E-9, 1.0E-9, 1.0E-9, 1.0E-9, 1.0E-9, 1.0E-9, 1.0E-9, 1.7710146594109472E-4, 6.152007399112069E-5, 1.0E-9, 2.2295189811260107E-4, 1.7710146594109472E-4, 2.2295189811260107E-4, 2.2295189811260107E-4, 2.2295189811260107E-4, 0.9061231074451684, 1.7710146594109212E-4, 2.229518981125972E-4, 2.229518981125972E-4}, {1.0E-9, 1.0E-9, 1.0E-9, 1.0E-9, 1.0E-9, 1.0E-9, 1.0E-9, 1.3863153696161093E-4, 4.30904814532977E-5, 1.0E-9, 1.7722754344831333E-4, 1.3863153696161093E-4, 1.7722754344831333E-4, 1.7722754344831333E-4, 1.7722754344831333E-4, 1.7722754344830935E-4, 0.8938471604977433, 1.7722754344830986E-4, 1.7722754344830986E-4}, {1.0E-9, 1.0E-9, 1.0E-9, 1.0E-9, 1.0E-9, 1.0E-9, 1.0E-9, 1.7710146594110393E-4, 6.152007399111011E-5, 1.0E-9, 2.2295189811260803E-4, 1.7710146594110393E-4, 2.2295189811260803E-4, 2.2295189811260803E-4, 2.2295189811260803E-4, 2.22951898112605E-4, 1.7710146594110103E-4, 0.9061231074451684, 2.22951898112605E-4}, {1.0E-9, 1.0E-9, 1.0E-9, 1.0E-9, 1.0E-9, 1.0E-9, 1.0E-9, 1.77101465941104E-4, 6.152007399111019E-5, 1.0E-9, 2.2295189811260844E-4, 1.77101465941104E-4, 2.2295189811260844E-4, 2.2295189811260844E-4, 2.2295189811260844E-4, 2.229518981126056E-4, 1.7710146594110117E-4, 2.229518981126056E-4, 0.9061231074451684}}
{{0.032930182190664965, 1.0E-9, 1.0E-9, 1.0E-9, 1.0E-9, 1.0E-9, 1.0E-9, 4.1424958918825735E-8, 1.0E-9, 1.0E-9, 1.0E-9, 4.142495891882558E-8, 1.0E-9, 1.0E-9, 1.0E-9, 1.0E-9, 4.142495891890688E-8, 1.0E-9, 1.0E-9}, {1.0E-9, 0.767569146500369, 1.0E-9, 1.0E-9, 1.0E-9, 1.0E-9, 1.0E-9, 2.043143691399754E-8, 1.0E-9, 1.0E-9, 1.0E-9, 2.043143691399735E-8, 1.0E-9, 1.0E-9, 1.0E-9, 1.0E-9, 2.0431436914041948E-8, 1.0E-9, 1.0E-9}, {1.0E-9, 1.0E-9, 1.0E-9, 1.0E-9, 1.0E-9, 1.0E-9, 1.0E-9, 1.0E-9, 1.0E-9, 1.0E-9, 1.0E-9, 1.0E-9, 1.0E-9, 1.0E-9, 1.0E-9, 1.0E-9, 1.0E-9, 1.0E-9, 1.0E-9}, {1.0E-9, 1.0E-9, 1.0E-9, 0.39176853073465057, 1.0E-9, 1.0E-9, 1.0E-9, 1.6804850029123184E-9, 1.0E-9, 1.0E-9, 1.0E-9, 1.6804850029122803E-9, 1.0E-9, 1.0E-9, 1.0E-9, 1.0E-9, 1.6804850029425793E-9, 1.0E-9, 1.0E-9}, {1.0E-9, 1.0E-9, 1.0E-9, 1.0E-9, 0.9088426274486648, 1.0E-9, 1.0E-9, 1.0E-9, 1.0E-9, 1.0E-9, 1.0E-9, 1.0E-9, 1.0E-9, 1.0E-9, 1.0E-9, 1.0E-9, 1.0E-9, 1.0E-9, 1.0E-9}, {1.0E-9, 1.0E-9, 1.0E-9, 1.0E-9, 1.0E-9, 0.8106586026790535, 1.0E-9, 1.0E-9, 1.0E-9, 1.0E-9, 1.0E-9, 1.0E-9, 1.0E-9, 1.0E-9, 1.0E-9, 1.0E-9, 1.0E-9, 1.0E-9, 1.0E-9}, {1.0E-9, 1.0E-9, 1.0E-9, 1.0E-9, 1.0E-9, 1.0E-9, 0.8065749086107308, 1.0E-9, 1.0E-9, 1.0E-9, 1.0E-9, 1.0E-9, 1.0E-9, 1.0E-9, 1.0E-9, 1.0E-9, 1.0E-9, 1.0E-9, 1.0E-9}, {1.0E-9, 1.0E-9, 1.0E-9, 1.0E-9, 1.0E-9, 1.0E-9, 1.0E-9, 0.9060280686216193, 1.0E-9, 1.0E-9, 1.0E-9, 1.0E-9, 1.0E-9, 1.0E-9, 1.0E-9, 1.0E-9, 1.0E-9, 1.0E-9, 1.0E-9}, {1.0E-9, 1.0E-9, 1.0E-9, 1.0E-9, 1.0E-9, 1.0E-9, 1.0E-9, 1.0E-9, 0.9074363215364136, 1.0E-9, 1.0E-9, 1.0E-9, 1.0E-9, 1.0E-9, 1.0E-9, 1.0E-9, 1.0E-9, 1.0E-9, 1.0E-9}, {1.0E-9, 1.0E-9, 1.0E-9, 1.0E-9, 1.0E-9, 1.0E-9, 1.0E-9, 1.0E-9, 1.0E-9, 0.026404939942355512, 1.0E-9, 1.0E-9, 1.0E-9, 1.0E-9, 1.0E-9, 1.0E-9, 1.0E-9, 1.0E-9, 1.0E-9}, {1.0E-9, 1.0E-9, 1.0E-9, 1.0E-9, 1.0E-9, 1.0E-9, 1.0E-9, 1.0E-9, 1.0E-9, 1.0E-9, 0.908835571985196, 1.0E-9, 1.0E-9, 1.0E-9, 1.0E-9, 1.0E-9, 1.0E-9, 1.0E-9, 1.0E-9}, {1.0E-9, 1.0E-9, 1.0E-9, 1.0E-9, 1.0E-9, 1.0E-9, 1.0E-9, 1.0E-9, 1.0E-9, 1.0E-9, 1.0E-9, 0.9060280686216193, 1.0E-9, 1.0E-9, 1.0E-9, 1.0E-9, 1.0E-9, 1.0E-9, 1.0E-9}, {1.0E-9, 1.0E-9, 1.0E-9, 1.0E-9, 1.0E-9, 1.0E-9, 1.0E-9, 1.0E-9, 1.0E-9, 1.0E-9, 1.0E-9, 1.0E-9, 0.908835571985196, 1.0E-9, 1.0E-9, 1.0E-9, 1.0E-9, 1.0E-9, 1.0E-9}, {1.0E-9, 1.0E-9, 1.0E-9, 1.0E-9, 1.0E-9, 1.0E-9, 1.0E-9, 1.0E-9, 1.0E-9, 1.0E-9, 1.0E-9, 1.0E-9, 1.0E-9, 0.908835571985196, 1.0E-9, 1.0E-9, 1.0E-9, 1.0E-9, 1.0E-9}, {1.0E-9, 1.0E-9, 1.0E-9, 1.0E-9, 1.0E-9, 1.0E-9, 1.0E-9, 1.0E-9, 1.0E-9, 1.0E-9, 1.0E-9, 1.0E-9, 1.0E-9, 1.0E-9, 0.908835571985196, 1.0E-9, 1.0E-9, 1.0E-9, 1.0E-9}, {1.0E-9, 1.0E-9, 1.0E-9, 1.0E-9, 1.0E-9, 1.0E-9, 1.0E-9, 1.0E-9, 1.0E-9, 1.0E-9, 1.0E-9, 1.0E-9, 1.0E-9, 1.0E-9, 1.0E-9, 0.908835571985196, 1.0E-9, 1.0E-9, 1.0E-9}, {1.0E-9, 1.0E-9, 1.0E-9, 1.0E-9, 1.0E-9, 1.0E-9, 1.0E-9, 1.0E-9, 1.0E-9, 1.0E-9, 1.0E-9, 1.0E-9, 1.0E-9, 1.0E-9, 1.0E-9, 1.0E-9, 0.9060280686216193, 1.0E-9, 1.0E-9}, {1.0E-9, 1.0E-9, 1.0E-9, 1.0E-9, 1.0E-9, 1.0E-9, 1.0E-9, 1.0E-9, 1.0E-9, 1.0E-9, 1.0E-9, 1.0E-9, 1.0E-9, 1.0E-9, 1.0E-9, 1.0E-9, 1.0E-9, 0.908835571985196, 1.0E-9}, {1.0E-9, 1.0E-9, 1.0E-9, 1.0E-9, 1.0E-9, 1.0E-9, 1.0E-9, 1.0E-9, 1.0E-9, 1.0E-9, 1.0E-9, 1.0E-9, 1.0E-9, 1.0E-9, 1.0E-9, 1.0E-9, 1.0E-9, 1.0E-9, 0.908835571985196}}
{{0.91436126697186, 1.0E-9, 1.0E-9, 1.0E-9, 1.0E-9, 1.0E-9, 1.0E-9, 1.0E-9, 1.0E-9, 1.0E-9, 1.0E-9, 1.0E-9, 1.0E-9, 1.0E-9, 1.0E-9, 1.0E-9, 1.0E-9, 1.0E-9, 1.0E-9}, {1.0E-9, 0.8960458101768253, 1.0E-9, 1.0E-9, 1.0E-9, 1.0E-9, 1.0E-9, 1.0E-9, 1.0E-9, 1.0E-9, 1.0E-9, 1.0E-9, 1.0E-9, 1.0E-9, 1.0E-9, 1.0E-9, 1.0E-9, 1.0E-9, 1.0E-9}, {1.0E-9, 1.0E-9, 0.07281258182806243, 1.0E-9, 1.0E-9, 1.0E-9, 1.0E-9, 1.0E-9, 1.0E-9, 1.0E-9, 1.0E-9, 1.0E-9, 1.0E-9, 1.0E-9, 1.0E-9, 1.0E-9, 1.0E-9, 1.0E-9, 1.0E-9}, {1.0E-9, 1.0E-9, 1.0E-9, 0.27578624835083365, 1.0E-9, 1.0E-9, 1.0E-9, 1.0E-9, 1.0E-9, 1.0E-9, 1.0E-9, 1.0E-9, 1.0E-9, 1.0E-9, 1.0E-9, 1.0E-9, 1.0E-9, 1.0E-9, 1.0E-9}, {1.2144942837575687E-9, 1.1693997769652513E-8, 1.0E-9, 1.0E-9, 0.81840633448872, 2.791805291438355E-7, 1.4639211334782745E-8, 1.0E-9, 1.0E-9, 1.0E-9, 1.0E-9, 1.0E-9, 1.0E-9, 1.0E-9, 1.0E-9, 1.0E-9, 1.0E-9, 1.0E-9, 1.0E-9}, {1.0E-9, 1.0E-9, 1.0E-9, 1.0E-9, 1.0E-9, 1.0E-9, 1.0E-9, 1.0E-9, 1.0E-9, 1.0E-9, 1.0E-9, 1.0E-9, 1.0E-9, 1.0E-9, 1.0E-9, 1.0E-9, 1.0E-9, 1.0E-9, 1.0E-9}, {1.0E-9, 1.0E-9, 1.0E-9, 1.0E-9, 1.0E-9, 1.0E-9, 0.8867648787214096, 1.0E-9, 1.0E-9, 1.0E-9, 1.0E-9, 1.0E-9, 1.0E-9, 1.0E-9, 1.0E-9, 1.0E-9, 1.0E-9, 1.0E-9, 1.0E-9}, {1.015066868132499E-9, 3.871266710733851E-9, 1.0E-9, 1.0E-9, 4.1548084993622953E-8, 1.2005975524336589E-8, 5.71302722120843E-9, 0.7769162438604512, 1.0E-9, 1.0E-9, 3.4650848368044294E-8, 1.0E-9, 3.4650848368044294E-8, 3.4650848368044294E-8, 3.4650848368044294E-8, 3.465084836804405E-8, 1.0E-9, 3.465084836804405E-8, 3.465084836804405E-8}, {1.0E-9, 1.0E-9, 1.0E-9, 1.0E-9, 1.0E-9, 1.0E-9, 1.0E-9, 1.0E-9, 0.8346714986603176, 1.0E-9, 1.0E-9, 1.0E-9, 1.0E-9, 1.0E-9, 1.0E-9, 1.0E-9, 1.0E-9, 1.0E-9, 1.0E-9}, {1.0E-9, 1.0E-9, 1.0E-9, 1.0E-9, 1.0E-9, 1.0E-9, 1.0E-9, 1.0E-9, 1.0E-9, 0.6276611963240474, 1.0E-9, 1.0E-9, 1.0E-9, 1.0E-9, 1.0E-9, 1.0E-9, 1.0E-9, 1.0E-9, 1.0E-9}, {1.0E-9, 8.215409198188077E-9, 1.0E-9, 1.0E-9, 1.0E-9, 1.0E-9, 1.0E-9, 1.0E-9, 1.0E-9, 1.0E-9, 0.7355754073991024, 1.0E-9, 1.0207666107914878E-7, 1.0207666107914878E-7, 1.0207666107914895E-7, 1.0207666107914768E-7, 1.0E-9, 1.0207666107914768E-7, 1.0207666107914768E-7}, {1.015066868132499E-9, 3.871266710733852E-9, 1.0E-9, 1.0E-9, 4.1548084993622934E-8, 1.2005975524336567E-8, 5.713027221208437E-9, 1.0E-9, 1.0E-9, 1.0E-9, 3.4650848368044115E-8, 0.7769162438604512, 3.4650848368044115E-8, 3.4650848368044115E-8, 3.4650848368044115E-8, 3.4650848368044056E-8, 1.0E-9, 3.4650848368044056E-8, 3.4650848368044056E-8}, {1.0E-9, 8.215409198188091E-9, 1.0E-9, 1.0E-9, 1.0E-9, 1.0E-9, 1.0E-9, 1.0E-9, 1.0E-9, 1.0E-9, 1.0207666107915012E-7, 1.0E-9, 0.7355754073991024, 1.0207666107915012E-7, 1.0207666107915012E-7, 1.020766610791482E-7, 1.0E-9, 1.0207666107914845E-7, 1.0207666107914845E-7}, {1.0E-9, 8.215409198188088E-9, 1.0E-9, 1.0E-9, 1.0E-9, 1.0E-9, 1.0E-9, 1.0E-9, 1.0E-9, 1.0E-9, 1.0207666107914912E-7, 1.0E-9, 1.0207666107914912E-7, 0.7355754073991024, 1.0207666107914912E-7, 1.0207666107914776E-7, 1.0E-9, 1.0207666107914776E-7, 1.0207666107914776E-7}, {1.0E-9, 8.215409198188128E-9, 1.0E-9, 1.0E-9, 1.0E-9, 1.0E-9, 1.0E-9, 1.0E-9, 1.0E-9, 1.0E-9, 1.0207666107914857E-7, 1.0E-9, 1.0207666107914857E-7, 1.0207666107914857E-7, 0.7355754073991024, 1.0207666107914718E-7, 1.0E-9, 1.0207666107914718E-7, 1.0207666107914718E-7}, {1.0E-9, 8.215409198188101E-9, 1.0E-9, 1.0E-9, 1.0E-9, 1.0E-9, 1.0E-9, 1.0E-9, 1.0E-9, 1.0E-9, 1.0207666107914935E-7, 1.0E-9, 1.0207666107914935E-7, 1.0207666107914935E-7, 1.0207666107914935E-7, 0.7355754073991024, 1.0E-9, 1.0207666107914806E-7, 1.0207666107914806E-7}, {1.015066868132511E-9, 3.87126671073354E-9, 1.0E-9, 1.0E-9, 4.154808499363137E-8, 1.2005975524349708E-8, 5.713027221212197E-9, 1.0E-9, 1.0E-9, 1.0E-9, 3.465084836803365E-8, 1.0E-9, 3.465084836803365E-8, 3.465084836803365E-8, 3.465084836803365E-8, 3.465084836803335E-8, 0.776916243860451, 3.465084836803335E-8, 3.465084836803335E-8}, {1.0E-9, 8.215409198188105E-9, 1.0E-9, 1.0E-9, 1.0E-9, 1.0E-9, 1.0E-9, 1.0E-9, 1.0E-9, 1.0E-9, 1.0207666107914932E-7, 1.0E-9, 1.0207666107914932E-7, 1.0207666107914932E-7, 1.0207666107914932E-7, 1.0207666107914826E-7, 1.0E-9, 0.7355754073991024, 1.0207666107914834E-7}, {1.0E-9, 8.215409198188141E-9, 1.0E-9, 1.0E-9, 1.0E-9, 1.0E-9, 1.0E-9, 1.0E-9, 1.0E-9, 1.0E-9, 1.0207666107914863E-7, 1.0E-9, 1.0207666107914863E-7, 1.0207666107914863E-7, 1.0207666107914863E-7, 1.0207666107914715E-7, 1.0E-9, 1.0207666107914731E-7, 0.7355754073991024}}
{{0.017069906486390368, 1.0E-9, 1.0E-9, 1.0E-9, 1.0E-9, 1.0E-9, 1.0E-9, 1.0E-9, 1.0E-9, 1.0E-9, 1.0E-9, 1.0E-9, 1.0E-9, 1.0E-9, 1.0E-9, 1.0E-9, 1.0E-9, 1.0E-9, 1.0E-9}, {1.0E-9, 0.7640717995773976, 1.0E-9, 1.0E-9, 1.0E-9, 1.0E-9, 1.0E-9, 1.0E-9, 1.0E-9, 1.0E-9, 1.0E-9, 1.0E-9, 1.0E-9, 1.0E-9, 1.0E-9, 1.0E-9, 1.0E-9, 1.0E-9, 1.0E-9}, {1.0E-9, 1.0E-9, 1.0E-9, 1.0E-9, 1.0E-9, 1.0E-9, 1.0E-9, 1.0E-9, 1.0E-9, 1.0E-9, 1.0E-9, 1.0E-9, 1.0E-9, 1.0E-9, 1.0E-9, 1.0E-9, 1.0E-9, 1.0E-9, 1.0E-9}, {1.0E-9, 1.0E-9, 1.0E-9, 0.3900492536833242, 1.0E-9, 1.0E-9, 1.0E-9, 1.0E-9, 1.0E-9, 1.0E-9, 1.0E-9, 1.0E-9, 1.0E-9, 1.0E-9, 1.0E-9, 1.0E-9, 1.0E-9, 1.0E-9, 1.0E-9}, {1.0E-9, 1.0E-9, 1.0E-9, 1.0E-9, 0.9083059257799819, 1.0E-9, 1.0E-9, 1.0E-9, 1.0E-9, 1.0E-9, 1.0E-9, 1.0E-9, 1.0E-9, 1.0E-9, 1.0E-9, 1.0E-9, 1.0E-9, 1.0E-9, 1.0E-9}, {1.0E-9, 1.0E-9, 1.0E-9, 1.0E-9, 1.0E-9, 0.8101390416216584, 1.0E-9, 1.0E-9, 1.0E-9, 1.0E-9, 1.0E-9, 1.0E-9, 1.0E-9, 1.0E-9, 1.0E-9, 1.0E-9, 1.0E-9, 1.0E-9, 1.0E-9}, {1.0E-9, 1.0E-9, 1.0E-9, 1.0E-9, 1.0E-9, 1.0E-9, 0.8045677958831506, 1.0E-9, 1.0E-9, 1.0E-9, 1.0E-9, 1.0E-9, 1.0E-9, 1.0E-9, 1.0E-9, 1.0E-9, 1.0E-9, 1.0E-9, 1.0E-9}, {1.0E-9, 1.0E-9, 1.0E-9, 1.0E-9, 1.0E-9, 1.0E-9, 1.0E-9, 0.9051308624116271, 1.0E-9, 1.0E-9, 1.0E-9, 1.0E-9, 1.0E-9, 1.0E-9, 1.0E-9, 1.0E-9, 1.0E-9, 1.0E-9, 1.0E-9}, {1.0E-9, 1.0E-9, 1.0E-9, 1.0E-9, 1.0E-9, 1.0E-9, 1.0E-9, 1.0E-9, 0.9067645640487565, 1.0E-9, 1.0E-9, 1.0E-9, 1.0E-9, 1.0E-9, 1.0E-9, 1.0E-9, 1.0E-9, 1.0E-9, 1.0E-9}, {1.0E-9, 1.0E-9, 1.0E-9, 1.0E-9, 1.0E-9, 1.0E-9, 1.0E-9, 1.0E-9, 1.0E-9, 0.0207686945287114, 1.0E-9, 1.0E-9, 1.0E-9, 1.0E-9, 1.0E-9, 1.0E-9, 1.0E-9, 1.0E-9, 1.0E-9}, {1.0E-9, 1.0E-9, 1.0E-9, 1.0E-9, 1.0E-9, 1.0E-9, 1.0E-9, 1.0E-9, 1.0E-9, 1.0E-9, 0.9078970786267633, 1.0E-9, 1.0E-9, 1.0E-9, 1.0E-9, 1.0E-9, 1.0E-9, 1.0E-9, 1.0E-9}, {1.0E-9, 1.0E-9, 1.0E-9, 1.0E-9, 1.0E-9, 1.0E-9, 1.0E-9, 1.0E-9, 1.0E-9, 1.0E-9, 1.0E-9, 0.9051308624116271, 1.0E-9, 1.0E-9, 1.0E-9, 1.0E-9, 1.0E-9, 1.0E-9, 1.0E-9}, {1.0E-9, 1.0E-9, 1.0E-9, 1.0E-9, 1.0E-9, 1.0E-9, 1.0E-9, 1.0E-9, 1.0E-9, 1.0E-9, 1.0E-9, 1.0E-9, 0.9078970786267633, 1.0E-9, 1.0E-9, 1.0E-9, 1.0E-9, 1.0E-9, 1.0E-9}, {1.0E-9, 1.0E-9, 1.0E-9, 1.0E-9, 1.0E-9, 1.0E-9, 1.0E-9, 1.0E-9, 1.0E-9, 1.0E-9, 1.0E-9, 1.0E-9, 1.0E-9, 0.9078970786267633, 1.0E-9, 1.0E-9, 1.0E-9, 1.0E-9, 1.0E-9}, {1.0E-9, 1.0E-9, 1.0E-9, 1.0E-9, 1.0E-9, 1.0E-9, 1.0E-9, 1.0E-9, 1.0E-9, 1.0E-9, 1.0E-9, 1.0E-9, 1.0E-9, 1.0E-9, 0.9078970786267633, 1.0E-9, 1.0E-9, 1.0E-9, 1.0E-9}, {1.0E-9, 1.0E-9, 1.0E-9, 1.0E-9, 1.0E-9, 1.0E-9, 1.0E-9, 1.0E-9, 1.0E-9, 1.0E-9, 1.0E-9, 1.0E-9, 1.0E-9, 1.0E-9, 1.0E-9, 0.9078970786267633, 1.0E-9, 1.0E-9, 1.0E-9}, {1.0E-9, 1.0E-9, 1.0E-9, 1.0E-9, 1.0E-9, 1.0E-9, 1.0E-9, 1.0E-9, 1.0E-9, 1.0E-9, 1.0E-9, 1.0E-9, 1.0E-9, 1.0E-9, 1.0E-9, 1.0E-9, 0.9051308624116271, 1.0E-9, 1.0E-9}, {1.0E-9, 1.0E-9, 1.0E-9, 1.0E-9, 1.0E-9, 1.0E-9, 1.0E-9, 1.0E-9, 1.0E-9, 1.0E-9, 1.0E-9, 1.0E-9, 1.0E-9, 1.0E-9, 1.0E-9, 1.0E-9, 1.0E-9, 0.9078970786267633, 1.0E-9}, {1.0E-9, 1.0E-9, 1.0E-9, 1.0E-9, 1.0E-9, 1.0E-9, 1.0E-9, 1.0E-9, 1.0E-9, 1.0E-9, 1.0E-9, 1.0E-9, 1.0E-9, 1.0E-9, 1.0E-9, 1.0E-9, 1.0E-9, 1.0E-9, 0.9078970786267633}}
Processed in 323439.354 ms(update only)
Processed in 339228 ms(total)
Recompute2
Iter = 0
ObjValue = 20.656303
Iter = 1
Size = 36813
Delta = 24.967953
ObjValue = 20.657171
Iter = 2
Size = 36813
Delta = 42.100834
ObjValue = 20.161101
B =
{{0.6445144781956458, 1.5373294881373046E-5, 1.0E-9, 1.0E-9, 1.0E-9, 1.0E-9, 5.425899974524431E-7, 1.0E-9, 1.0E-9, 1.0E-9, 1.0E-9, 1.0E-9, 1.0E-9, 1.0E-9, 1.0E-9, 1.0E-9, 1.0E-9, 1.0E-9, 1.0E-9}, {1.0E-9, 0.4620378291658003, 1.0E-9, 1.0E-9, 1.0E-9, 1.0E-9, 1.0E-9, 1.0E-9, 1.0E-9, 1.0E-9, 1.0E-9, 1.0E-9, 1.0E-9, 1.0E-9, 1.0E-9, 1.0E-9, 1.0E-9, 1.0E-9, 1.0E-9}, {1.0E-9, 1.0E-9, 0.7560211358070591, 1.0E-9, 1.0E-9, 1.0E-9, 1.0E-9, 1.0E-9, 1.0E-9, 1.0E-9, 1.0E-9, 1.0E-9, 1.0E-9, 1.0E-9, 1.0E-9, 1.0E-9, 1.0E-9, 1.0E-9, 1.0E-9}, {1.0E-9, 1.0E-9, 1.0E-9, 0.3144521292309349, 1.0E-9, 1.0E-9, 1.0E-9, 1.0E-9, 1.0E-9, 1.0E-9, 1.0E-9, 1.0E-9, 1.0E-9, 1.0E-9, 1.0E-9, 1.0E-9, 1.0E-9, 1.0E-9, 1.0E-9}, {1.0E-9, 1.0E-9, 1.0E-9, 1.0E-9, 0.7647873165823648, 1.0E-9, 1.0E-9, 1.0E-9, 1.0E-9, 1.0E-9, 1.0E-9, 1.0E-9, 1.0E-9, 1.0E-9, 1.0E-9, 1.0E-9, 1.0E-9, 1.0E-9, 1.0E-9}, {1.0E-9, 1.0E-9, 1.0E-9, 1.0E-9, 1.0E-9, 0.7926205368088862, 1.0E-9, 1.0E-9, 1.0E-9, 1.0E-9, 1.0E-9, 1.0E-9, 1.0E-9, 1.0E-9, 1.0E-9, 1.0E-9, 1.0E-9, 1.0E-9, 1.0E-9}, {1.0E-9, 1.0E-9, 1.0E-9, 1.0E-9, 1.0E-9, 1.0E-9, 0.4700280711845827, 1.0E-9, 1.0E-9, 1.0E-9, 1.0E-9, 1.0E-9, 1.0E-9, 1.0E-9, 1.0E-9, 1.0E-9, 1.0E-9, 1.0E-9, 1.0E-9}, {1.0E-9, 1.0E-9, 1.0E-9, 1.0E-9, 1.0E-9, 1.0E-9, 1.0E-9, 0.875060544185723, 1.0E-9, 1.0E-9, 1.0E-9, 1.0E-9, 1.0E-9, 1.0E-9, 1.0E-9, 1.0E-9, 1.0E-9, 1.0E-9, 1.0E-9}, {1.0E-9, 1.0E-9, 1.0E-9, 1.0E-9, 1.0E-9, 1.0E-9, 1.0E-9, 1.0E-9, 0.7454431264174127, 1.0E-9, 1.0E-9, 1.0E-9, 1.0E-9, 1.0E-9, 1.0E-9, 1.0E-9, 1.0E-9, 1.0E-9, 1.0E-9}, {1.0E-9, 1.0E-9, 1.0E-9, 1.0E-9, 1.0E-9, 1.0E-9, 1.0E-9, 1.0E-9, 1.0E-9, 0.879040552962027, 1.0E-9, 1.0E-9, 1.0E-9, 1.0E-9, 1.0E-9, 1.0E-9, 1.0E-9, 1.0E-9, 1.0E-9}, {1.0E-9, 1.0E-9, 1.0E-9, 1.0E-9, 1.0E-9, 1.0E-9, 1.0E-9, 1.0E-9, 1.0E-9, 1.0E-9, 0.8868175065137456, 1.0E-9, 1.0E-9, 1.0E-9, 1.0E-9, 1.0E-9, 1.0E-9, 1.0E-9, 1.0E-9}, {1.0E-9, 1.0E-9, 1.0E-9, 1.0E-9, 1.0E-9, 1.0E-9, 1.0E-9, 1.0E-9, 1.0E-9, 1.0E-9, 1.0E-9, 0.875060544185723, 1.0E-9, 1.0E-9, 1.0E-9, 1.0E-9, 1.0E-9, 1.0E-9, 1.0E-9}, {1.0E-9, 1.0E-9, 1.0E-9, 1.0E-9, 1.0E-9, 1.0E-9, 1.0E-9, 1.0E-9, 1.0E-9, 1.0E-9, 1.0E-9, 1.0E-9, 0.8868175065137456, 1.0E-9, 1.0E-9, 1.0E-9, 1.0E-9, 1.0E-9, 1.0E-9}, {1.0E-9, 1.0E-9, 1.0E-9, 1.0E-9, 1.0E-9, 1.0E-9, 1.0E-9, 1.0E-9, 1.0E-9, 1.0E-9, 1.0E-9, 1.0E-9, 1.0E-9, 0.8868175065137456, 1.0E-9, 1.0E-9, 1.0E-9, 1.0E-9, 1.0E-9}, {1.0E-9, 1.0E-9, 1.0E-9, 1.0E-9, 1.0E-9, 1.0E-9, 1.0E-9, 1.0E-9, 1.0E-9, 1.0E-9, 1.0E-9, 1.0E-9, 1.0E-9, 1.0E-9, 0.8868175065137456, 1.0E-9, 1.0E-9, 1.0E-9, 1.0E-9}, {1.0E-9, 1.0E-9, 1.0E-9, 1.0E-9, 1.0E-9, 1.0E-9, 1.0E-9, 1.0E-9, 1.0E-9, 1.0E-9, 1.0E-9, 1.0E-9, 1.0E-9, 1.0E-9, 1.0E-9, 0.886817506513746, 1.0E-9, 1.0E-9, 1.0E-9}, {1.0E-9, 1.0E-9, 1.0E-9, 1.0E-9, 1.0E-9, 1.0E-9, 1.0E-9, 1.0E-9, 1.0E-9, 1.0E-9, 1.0E-9, 1.0E-9, 1.0E-9, 1.0E-9, 1.0E-9, 1.0E-9, 0.875060544185723, 1.0E-9, 1.0E-9}, {1.0E-9, 1.0E-9, 1.0E-9, 1.0E-9, 1.0E-9, 1.0E-9, 1.0E-9, 1.0E-9, 1.0E-9, 1.0E-9, 1.0E-9, 1.0E-9, 1.0E-9, 1.0E-9, 1.0E-9, 1.0E-9, 1.0E-9, 0.8868175065137461, 1.0E-9}, {1.0E-9, 1.0E-9, 1.0E-9, 1.0E-9, 1.0E-9, 1.0E-9, 1.0E-9, 1.0E-9, 1.0E-9, 1.0E-9, 1.0E-9, 1.0E-9, 1.0E-9, 1.0E-9, 1.0E-9, 1.0E-9, 1.0E-9, 1.0E-9, 0.8868175065137461}}
{{0.9143258776499344, 1.0E-9, 1.0E-9, 1.0E-9, 1.0E-9, 1.0E-9, 1.0E-9, 1.0E-9, 1.0E-9, 1.0E-9, 1.0E-9, 1.0E-9, 1.0E-9, 1.0E-9, 1.0E-9, 1.0E-9, 1.0E-9, 1.0E-9, 1.0E-9}, {1.0E-9, 0.8958510704979477, 1.0E-9, 1.0E-9, 1.0E-9, 1.0E-9, 1.0E-9, 1.0E-9, 1.0E-9, 1.0E-9, 1.0E-9, 1.0E-9, 1.0E-9, 1.0E-9, 1.0E-9, 1.0E-9, 1.0E-9, 1.0E-9, 1.0E-9}, {1.0E-9, 1.0E-9, 0.046335189633441895, 1.0E-9, 1.0E-9, 1.0E-9, 1.0E-9, 1.0E-9, 1.0E-9, 1.0E-9, 1.0E-9, 1.0E-9, 1.0E-9, 1.0E-9, 1.0E-9, 1.0E-9, 1.0E-9, 1.0E-9, 1.0E-9}, {1.0E-9, 1.0E-9, 1.0E-9, 0.22628183522713344, 1.0E-9, 1.0E-9, 1.0E-9, 1.0E-9, 1.0E-9, 1.0E-9, 1.0E-9, 1.0E-9, 1.0E-9, 1.0E-9, 1.0E-9, 1.0E-9, 1.0E-9, 1.0E-9, 1.0E-9}, {1.0E-9, 1.0E-9, 1.0E-9, 1.0E-9, 0.8183817513655538, 1.0E-9, 1.0E-9, 1.0E-9, 1.0E-9, 1.0E-9, 1.0E-9, 1.0E-9, 1.0E-9, 1.0E-9, 1.0E-9, 1.0E-9, 1.0E-9, 1.0E-9, 1.0E-9}, {1.0E-9, 1.0E-9, 1.0E-9, 1.0E-9, 1.0E-9, 1.0E-9, 1.0E-9, 1.0E-9, 1.0E-9, 1.0E-9, 1.0E-9, 1.0E-9, 1.0E-9, 1.0E-9, 1.0E-9, 1.0E-9, 1.0E-9, 1.0E-9, 1.0E-9}, {1.0E-9, 1.0E-9, 1.0E-9, 1.0E-9, 1.0E-9, 1.0E-9, 0.8863010909069011, 1.0E-9, 1.0E-9, 1.0E-9, 1.0E-9, 1.0E-9, 1.0E-9, 1.0E-9, 1.0E-9, 1.0E-9, 1.0E-9, 1.0E-9, 1.0E-9}, {1.0E-9, 1.0E-9, 1.0E-9, 1.0E-9, 1.0E-9, 1.0E-9, 1.0E-9, 0.7768911418312319, 1.0E-9, 1.0E-9, 1.0E-9, 1.0E-9, 1.0E-9, 1.0E-9, 1.0E-9, 1.0E-9, 1.0E-9, 1.0E-9, 1.0E-9}, {1.0E-9, 1.0E-9, 1.0E-9, 1.0E-9, 1.0E-9, 1.0E-9, 1.0E-9, 1.0E-9, 0.834652927890277, 1.0E-9, 1.0E-9, 1.0E-9, 1.0E-9, 1.0E-9, 1.0E-9, 1.0E-9, 1.0E-9, 1.0E-9, 1.0E-9}, {1.9436571373763502E-7, 4.201327069473451E-8, 1.839523146127513E-7, 1.3923463007077016E-7, 1.00469400463192E-9, 1.9636338865868795E-7, 2.2068350787640703E-8, 1.00037439279002E-9, 1.000000060402423E-9, 0.6275829811614879, 1.0E-9, 1.00037439279002E-9, 1.0E-9, 1.0E-9, 1.0E-9, 1.0E-9, 1.00037439279002E-9, 1.0E-9, 1.0E-9}, {1.0E-9, 1.0E-9, 1.0E-9, 1.0E-9, 1.0E-9, 1.0E-9, 1.0E-9, 1.0E-9, 1.0E-9, 1.0E-9, 0.7355404919115179, 1.0E-9, 1.0E-9, 1.0E-9, 1.0E-9, 1.0E-9, 1.0E-9, 1.0E-9, 1.0E-9}, {1.0E-9, 1.0E-9, 1.0E-9, 1.0E-9, 1.0E-9, 1.0E-9, 1.0E-9, 1.0E-9, 1.0E-9, 1.0E-9, 1.0E-9, 0.7768911418312319, 1.0E-9, 1.0E-9, 1.0E-9, 1.0E-9, 1.0E-9, 1.0E-9, 1.0E-9}, {1.0E-9, 1.0E-9, 1.0E-9, 1.0E-9, 1.0E-9, 1.0E-9, 1.0E-9, 1.0E-9, 1.0E-9, 1.0E-9, 1.0E-9, 1.0E-9, 0.7355404919115179, 1.0E-9, 1.0E-9, 1.0E-9, 1.0E-9, 1.0E-9, 1.0E-9}, {1.0E-9, 1.0E-9, 1.0E-9, 1.0E-9, 1.0E-9, 1.0E-9, 1.0E-9, 1.0E-9, 1.0E-9, 1.0E-9, 1.0E-9, 1.0E-9, 1.0E-9, 0.7355404919115179, 1.0E-9, 1.0E-9, 1.0E-9, 1.0E-9, 1.0E-9}, {1.0E-9, 1.0E-9, 1.0E-9, 1.0E-9, 1.0E-9, 1.0E-9, 1.0E-9, 1.0E-9, 1.0E-9, 1.0E-9, 1.0E-9, 1.0E-9, 1.0E-9, 1.0E-9, 0.7355404919115179, 1.0E-9, 1.0E-9, 1.0E-9, 1.0E-9}, {1.0E-9, 1.0E-9, 1.0E-9, 1.0E-9, 1.0E-9, 1.0E-9, 1.0E-9, 1.0E-9, 1.0E-9, 1.0E-9, 1.0E-9, 1.0E-9, 1.0E-9, 1.0E-9, 1.0E-9, 0.7355404919115179, 1.0E-9, 1.0E-9, 1.0E-9}, {1.0E-9, 1.0E-9, 1.0E-9, 1.0E-9, 1.0E-9, 1.0E-9, 1.0E-9, 1.0E-9, 1.0E-9, 1.0E-9, 1.0E-9, 1.0E-9, 1.0E-9, 1.0E-9, 1.0E-9, 1.0E-9, 0.7768911418312318, 1.0E-9, 1.0E-9}, {1.0E-9, 1.0E-9, 1.0E-9, 1.0E-9, 1.0E-9, 1.0E-9, 1.0E-9, 1.0E-9, 1.0E-9, 1.0E-9, 1.0E-9, 1.0E-9, 1.0E-9, 1.0E-9, 1.0E-9, 1.0E-9, 1.0E-9, 0.7355404919115179, 1.0E-9}, {1.0E-9, 1.0E-9, 1.0E-9, 1.0E-9, 1.0E-9, 1.0E-9, 1.0E-9, 1.0E-9, 1.0E-9, 1.0E-9, 1.0E-9, 1.0E-9, 1.0E-9, 1.0E-9, 1.0E-9, 1.0E-9, 1.0E-9, 1.0E-9, 0.7355404919115179}}
{{0.6552978027776691, 1.0E-9, 1.0E-9, 1.0E-9, 0.3592180976331929, 1.0E-9, 1.0E-9, 0.2965091813670992, 0.23016603305429914, 1.0E-9, 0.3064801710898974, 0.2965091813670992, 0.3064801710898974, 0.3064801710898974, 0.3064801710898974, 0.30648017108989756, 0.296509181367099, 0.30648017108989756, 0.30648017108989756}, {6.423502935427233E-5, 0.4946307388698562, 1.0E-9, 1.0E-9, 0.2128866623546601, 0.007509897934470232, 1.0E-9, 0.1667508550652017, 0.12800925704016047, 1.0098994724569737E-8, 0.17232387135423763, 0.1667508550652017, 0.17232387135423763, 0.17232387135423763, 0.17232387135423763, 0.17232387135423768, 0.16675085506520157, 0.17232387135423768, 0.17232387135423768}, {4.983937861691823E-5, 1.0E-9, 0.7503710704833902, 1.0E-9, 0.08538167089587907, 0.0027279191264223787, 1.0E-9, 0.06301137697429676, 0.047413973595414376, 8.873318405498016E-9, 0.06509618789662207, 0.06301137697429676, 0.06509618789662207, 0.06509618789662207, 0.06509618789662207, 0.0650961878966221, 0.0630113769742967, 0.0650961878966221, 0.0650961878966221}, {8.438984939255287E-5, 1.0E-9, 1.0E-9, 0.2689059546654812, 0.12046295349332749, 0.006935419032453884, 1.0E-9, 0.09262508819715382, 0.07206407114239727, 1.0E-9, 0.09569287589640607, 0.09262508819715382, 0.09569287589640607, 0.09569287589640607, 0.09569287589640607, 0.09569287589640607, 0.09262508819715391, 0.09569287589640607, 0.09569287589640607}, {6.8560085501361715E-6, 1.0E-9, 1.0E-9, 1.0E-9, 0.8843803566859803, 0.005048751899464895, 1.0E-9, 0.0027658005141159704, 0.002114192143605828, 1.0E-9, 0.002864798976784025, 0.0027658005141159704, 0.002864798976784025, 0.002864798976784025, 0.002864798976784025, 0.002864798976784027, 0.002765800514115967, 0.0028647989767840287, 0.0028647989767840287}, {6.677648547771305E-6, 1.0E-9, 1.0E-9, 1.0E-9, 1.0E-9, 0.7728255363589542, 1.0E-9, 0.0024268580756737026, 0.0016712734507936034, 1.0E-9, 0.0025301823087940357, 0.0024268580756737026, 0.0025301823087940357, 0.0025301823087940357, 0.0025301823087940357, 0.002530182308794034, 0.0024268580756737026, 0.002530182308794034, 0.002530182308794034}, {7.382934064148307E-5, 1.0E-9, 1.0E-9, 1.0E-9, 0.16280769711181056, 1.0E-9, 0.5791350361053806, 0.13781722160683654, 0.10695934135096415, 1.0702301859614134E-9, 0.14240350955703873, 0.13781722160683654, 0.14240350955703873, 0.14240350955703873, 0.14240350955703873, 0.1424035095570388, 0.13781722160683643, 0.1424035095570388, 0.1424035095570388}, {3.3411915754064622E-6, 1.0E-9, 1.0E-9, 1.0E-9, 5.007870401834525E-4, 1.0E-9, 1.0E-9, 0.8934385601132564, 3.987328262142101E-4, 1.0E-9, 5.255752561824782E-4, 5.091167619769676E-4, 5.255752561824782E-4, 5.255752561824782E-4, 5.255752561824782E-4, 5.25575256182478E-4, 5.091167619769672E-4, 5.25575256182478E-4, 5.25575256182478E-4}, {3.249964789121674E-6, 1.0E-9, 1.0E-9, 1.0E-9, 3.7584432039228623E-4, 1.0E-9, 1.4500260839259264E-6, 1.0E-9, 0.8161674059725312, 2.049074766445201E-9, 1.0E-9, 1.0E-9, 1.0E-9, 1.0E-9, 1.0E-9, 1.0E-9, 1.0E-9, 1.0E-9, 1.0E-9}, {2.184077192873456E-5, 1.0E-9, 1.0E-9, 1.0E-9, 0.03262676094276642, 0.001015111226824756, 1.0E-9, 0.019471224783853235, 0.013569029348328529, 0.8826182900866999, 0.020139237485688286, 0.019471224783853235, 0.020139237485688286, 0.020139237485688286, 0.020139237485688286, 0.020139237485688324, 0.019471224783853207, 0.020139237485688338, 0.020139237485688338}, {3.604864108215994E-6, 1.0E-9, 1.0E-9, 1.0E-9, 5.942856567511941E-4, 1.0E-9, 1.0E-9, 5.976020255621326E-4, 4.680004783576077E-4, 1.0E-9, 0.9057853901152148, 5.976020255621326E-4, 6.169241770975402E-4, 6.169241770975402E-4, 6.169241770975402E-4, 6.169241770975417E-4, 5.976020255621324E-4, 6.169241770975417E-4, 6.169241770975417E-4}, {3.3411915754064665E-6, 1.0E-9, 1.0E-9, 1.0E-9, 5.00787040183451E-4, 1.0E-9, 1.0E-9, 5.091167619769665E-4, 3.987328262142097E-4, 1.0E-9, 5.255752561824767E-4, 0.8934385601132563, 5.255752561824767E-4, 5.255752561824767E-4, 5.255752561824767E-4, 5.25575256182477E-4, 5.091167619769663E-4, 5.25575256182477E-4, 5.25575256182477E-4}, {3.6048641082159953E-6, 1.0E-9, 1.0E-9, 1.0E-9, 5.942856567511939E-4, 1.0E-9, 1.0E-9, 5.976020255621332E-4, 4.680004783576067E-4, 1.0E-9, 6.169241770975415E-4, 5.976020255621332E-4, 0.9057853901152148, 6.169241770975415E-4, 6.169241770975415E-4, 6.169241770975415E-4, 5.976020255621332E-4, 6.169241770975415E-4, 6.169241770975415E-4}, {3.604864108215985E-6, 1.0E-9, 1.0E-9, 1.0E-9, 5.94285656751193E-4, 1.0E-9, 1.0E-9, 5.976020255621326E-4, 4.6800047835760726E-4, 1.0E-9, 6.169241770975382E-4, 5.976020255621326E-4, 6.169241770975382E-4, 0.9057853901152148, 6.169241770975382E-4, 6.169241770975386E-4, 5.976020255621322E-4, 6.16924177097539E-4, 6.16924177097539E-4}, {3.6048641082159877E-6, 1.0E-9, 1.0E-9, 1.0E-9, 5.942856567511936E-4, 1.0E-9, 1.0E-9, 5.976020255621326E-4, 4.6800047835760694E-4, 1.0E-9, 6.169241770975375E-4, 5.976020255621326E-4, 6.169241770975375E-4, 6.169241770975375E-4, 0.9057853901152148, 6.169241770975377E-4, 5.976020255621324E-4, 6.169241770975377E-4, 6.169241770975377E-4}, {3.604864108215908E-6, 1.0E-9, 1.0E-9, 1.0E-9, 5.942856567510988E-4, 1.0E-9, 1.0E-9, 5.976020255620736E-4, 4.6800047835753825E-4, 1.0E-9, 6.169241770975035E-4, 5.976020255620736E-4, 6.169241770975035E-4, 6.169241770975035E-4, 6.169241770975035E-4, 0.905785390115215, 5.976020255620734E-4, 6.169241770975037E-4, 6.169241770975037E-4}, {3.3411915754064444E-6, 1.0E-9, 1.0E-9, 1.0E-9, 5.007870401834396E-4, 1.0E-9, 1.0E-9, 5.091167619769568E-4, 3.987328262142069E-4, 1.0E-9, 5.255752561824712E-4, 5.091167619769568E-4, 5.255752561824712E-4, 5.255752561824712E-4, 5.255752561824712E-4, 5.255752561824712E-4, 0.8934385601132563, 5.255752561824712E-4, 5.255752561824712E-4}, {3.604864108215889E-6, 1.0E-9, 1.0E-9, 1.0E-9, 5.942856567510928E-4, 1.0E-9, 1.0E-9, 5.976020255620706E-4, 4.68000478357537E-4, 1.0E-9, 6.169241770975012E-4, 5.976020255620706E-4, 6.169241770975012E-4, 6.169241770975012E-4, 6.169241770975012E-4, 6.169241770975016E-4, 5.976020255620702E-4, 0.905785390115215, 6.169241770975016E-4}, {3.6048641082158878E-6, 1.0E-9, 1.0E-9, 1.0E-9, 5.942856567510928E-4, 1.0E-9, 1.0E-9, 5.976020255620708E-4, 4.6800047835753744E-4, 1.0E-9, 6.169241770975012E-4, 5.976020255620708E-4, 6.169241770975012E-4, 6.169241770975012E-4, 6.169241770975012E-4, 6.169241770975014E-4, 5.976020255620704E-4, 6.169241770975014E-4, 0.905785390115215}}
{{1.0E-9, 1.0E-9, 1.0E-9, 1.0E-9, 1.0E-9, 1.0E-9, 1.0E-9, 9.33926756337102E-8, 1.0E-9, 1.0E-9, 1.0E-9, 9.339267563371017E-8, 1.0E-9, 1.0E-9, 1.0E-9, 1.0E-9, 9.339267563394405E-8, 1.0E-9, 1.0E-9}, {1.0E-9, 0.7616452538303484, 1.0E-9, 1.0E-9, 1.0E-9, 1.0E-9, 1.0E-9, 8.5120544119688E-8, 1.0E-9, 1.0E-9, 1.0E-9, 8.512054411968775E-8, 1.0E-9, 1.0E-9, 1.0E-9, 1.0E-9, 8.512054411981314E-8, 1.0E-9, 1.0E-9}, {1.0E-9, 1.0E-9, 1.0E-9, 1.0E-9, 1.0E-9, 1.0E-9, 1.0E-9, 1.0E-9, 1.0E-9, 1.0E-9, 1.0E-9, 1.0E-9, 1.0E-9, 1.0E-9, 1.0E-9, 1.0E-9, 1.0E-9, 1.0E-9, 1.0E-9}, {1.0E-9, 1.0E-9, 1.0E-9, 0.36386753593760407, 1.0E-9, 1.0E-9, 1.0E-9, 1.2058745175742927E-8, 1.0E-9, 1.0E-9, 1.0E-9, 1.2058745175742946E-8, 1.0E-9, 1.0E-9, 1.0E-9, 1.0E-9, 1.2058745175756741E-8, 1.0E-9, 1.0E-9}, {1.0E-9, 1.0E-9, 1.0E-9, 1.0E-9, 0.9088425811194412, 1.0E-9, 1.0E-9, 1.0E-9, 1.0E-9, 1.0E-9, 1.0E-9, 1.0E-9, 1.0E-9, 1.0E-9, 1.0E-9, 1.0E-9, 1.0E-9, 1.0E-9, 1.0E-9}, {1.0E-9, 1.0E-9, 1.0E-9, 1.0E-9, 1.0E-9, 0.8064590021438994, 1.0E-9, 1.0E-9, 1.0E-9, 1.0E-9, 1.0E-9, 1.0E-9, 1.0E-9, 1.0E-9, 1.0E-9, 1.0E-9, 1.0E-9, 1.0E-9, 1.0E-9}, {1.0E-9, 1.0E-9, 1.0E-9, 1.0E-9, 1.0E-9, 1.0E-9, 0.8016171117247222, 1.0E-9, 1.0E-9, 1.0E-9, 1.0E-9, 1.0E-9, 1.0E-9, 1.0E-9, 1.0E-9, 1.0E-9, 1.0E-9, 1.0E-9, 1.0E-9}, {1.0E-9, 1.0E-9, 1.0E-9, 1.0E-9, 1.0E-9, 1.0E-9, 1.0E-9, 0.9060280668054939, 1.0E-9, 1.0E-9, 1.0E-9, 1.0E-9, 1.0E-9, 1.0E-9, 1.0E-9, 1.0E-9, 1.0E-9, 1.0E-9, 1.0E-9}, {1.0E-9, 1.0E-9, 1.0E-9, 1.0E-9, 1.0E-9, 1.0E-9, 1.0E-9, 1.0E-9, 0.907436321136486, 1.0E-9, 1.0E-9, 1.0E-9, 1.0E-9, 1.0E-9, 1.0E-9, 1.0E-9, 1.0E-9, 1.0E-9, 1.0E-9}, {1.0E-9, 1.0E-9, 1.0E-9, 1.0E-9, 1.0E-9, 1.0E-9, 1.0E-9, 1.0E-9, 1.0E-9, 0.006395981941328604, 1.0E-9, 1.0E-9, 1.0E-9, 1.0E-9, 1.0E-9, 1.0E-9, 1.0E-9, 1.0E-9, 1.0E-9}, {1.0E-9, 1.0E-9, 1.0E-9, 1.0E-9, 1.0E-9, 1.0E-9, 1.0E-9, 1.0E-9, 1.0E-9, 1.0E-9, 0.9088355405987562, 1.0E-9, 1.0E-9, 1.0E-9, 1.0E-9, 1.0E-9, 1.0E-9, 1.0E-9, 1.0E-9}, {1.0E-9, 1.0E-9, 1.0E-9, 1.0E-9, 1.0E-9, 1.0E-9, 1.0E-9, 1.0E-9, 1.0E-9, 1.0E-9, 1.0E-9, 0.9060280668054939, 1.0E-9, 1.0E-9, 1.0E-9, 1.0E-9, 1.0E-9, 1.0E-9, 1.0E-9}, {1.0E-9, 1.0E-9, 1.0E-9, 1.0E-9, 1.0E-9, 1.0E-9, 1.0E-9, 1.0E-9, 1.0E-9, 1.0E-9, 1.0E-9, 1.0E-9, 0.9088355405987562, 1.0E-9, 1.0E-9, 1.0E-9, 1.0E-9, 1.0E-9, 1.0E-9}, {1.0E-9, 1.0E-9, 1.0E-9, 1.0E-9, 1.0E-9, 1.0E-9, 1.0E-9, 1.0E-9, 1.0E-9, 1.0E-9, 1.0E-9, 1.0E-9, 1.0E-9, 0.9088355405987562, 1.0E-9, 1.0E-9, 1.0E-9, 1.0E-9, 1.0E-9}, {1.0E-9, 1.0E-9, 1.0E-9, 1.0E-9, 1.0E-9, 1.0E-9, 1.0E-9, 1.0E-9, 1.0E-9, 1.0E-9, 1.0E-9, 1.0E-9, 1.0E-9, 1.0E-9, 0.9088355405987562, 1.0E-9, 1.0E-9, 1.0E-9, 1.0E-9}, {1.0E-9, 1.0E-9, 1.0E-9, 1.0E-9, 1.0E-9, 1.0E-9, 1.0E-9, 1.0E-9, 1.0E-9, 1.0E-9, 1.0E-9, 1.0E-9, 1.0E-9, 1.0E-9, 1.0E-9, 0.9088355405987562, 1.0E-9, 1.0E-9, 1.0E-9}, {1.0E-9, 1.0E-9, 1.0E-9, 1.0E-9, 1.0E-9, 1.0E-9, 1.0E-9, 1.0E-9, 1.0E-9, 1.0E-9, 1.0E-9, 1.0E-9, 1.0E-9, 1.0E-9, 1.0E-9, 1.0E-9, 0.9060280668054939, 1.0E-9, 1.0E-9}, {1.0E-9, 1.0E-9, 1.0E-9, 1.0E-9, 1.0E-9, 1.0E-9, 1.0E-9, 1.0E-9, 1.0E-9, 1.0E-9, 1.0E-9, 1.0E-9, 1.0E-9, 1.0E-9, 1.0E-9, 1.0E-9, 1.0E-9, 0.9088355405987562, 1.0E-9}, {1.0E-9, 1.0E-9, 1.0E-9, 1.0E-9, 1.0E-9, 1.0E-9, 1.0E-9, 1.0E-9, 1.0E-9, 1.0E-9, 1.0E-9, 1.0E-9, 1.0E-9, 1.0E-9, 1.0E-9, 1.0E-9, 1.0E-9, 1.0E-9, 0.9088355405987562}}
{{0.9143372123175801, 1.0E-9, 1.0E-9, 1.0E-9, 1.0E-9, 1.0E-9, 1.0E-9, 1.0E-9, 1.0E-9, 1.0E-9, 1.0E-9, 1.0E-9, 1.0E-9, 1.0E-9, 1.0E-9, 1.0E-9, 1.0E-9, 1.0E-9, 1.0E-9}, {1.0E-9, 0.8958550967578244, 1.0E-9, 1.0E-9, 1.0E-9, 1.0E-9, 1.0E-9, 1.0E-9, 1.0E-9, 1.0E-9, 1.0E-9, 1.0E-9, 1.0E-9, 1.0E-9, 1.0E-9, 1.0E-9, 1.0E-9, 1.0E-9, 1.0E-9}, {1.0E-9, 1.0E-9, 0.04634107101804802, 1.0E-9, 1.0E-9, 1.0E-9, 1.0E-9, 1.0E-9, 1.0E-9, 1.0E-9, 1.0E-9, 1.0E-9, 1.0E-9, 1.0E-9, 1.0E-9, 1.0E-9, 1.0E-9, 1.0E-9, 1.0E-9}, {1.0E-9, 1.0E-9, 1.0E-9, 0.2262905361563444, 1.0E-9, 1.0E-9, 1.0E-9, 1.0E-9, 1.0E-9, 1.0E-9, 1.0E-9, 1.0E-9, 1.0E-9, 1.0E-9, 1.0E-9, 1.0E-9, 1.0E-9, 1.0E-9, 1.0E-9}, {3.1042735241194095E-9, 1.4991092059498322E-8, 1.0E-9, 1.0E-9, 0.8184066743967919, 5.11218881447595E-7, 1.7378575145903278E-8, 1.0E-9, 1.0E-9, 1.0E-9, 1.0E-9, 1.0E-9, 1.0E-9, 1.0E-9, 1.0E-9, 1.0E-9, 1.0E-9, 1.0E-9, 1.0E-9}, {1.0E-9, 1.0E-9, 1.0E-9, 1.0E-9, 1.0E-9, 1.0E-9, 1.0E-9, 1.0E-9, 1.0E-9, 1.0E-9, 1.0E-9, 1.0E-9, 1.0E-9, 1.0E-9, 1.0E-9, 1.0E-9, 1.0E-9, 1.0E-9, 1.0E-9}, {1.0E-9, 1.0E-9, 1.0E-9, 1.0E-9, 1.0E-9, 1.0E-9, 0.8864364822953184, 1.0E-9, 1.0E-9, 1.0E-9, 1.0E-9, 1.0E-9, 1.0E-9, 1.0E-9, 1.0E-9, 1.0E-9, 1.0E-9, 1.0E-9, 1.0E-9}, {1.2991041317443376E-9, 4.189635078807762E-9, 1.0E-9, 1.0E-9, 5.606979307559212E-8, 1.0618989011683958E-8, 1.0E-9, 0.7769162427913918, 1.0E-9, 1.0E-9, 3.66770856437817E-8, 5.606223745942869E-9, 3.66770856437817E-8, 3.66770856437817E-8, 3.66770856437817E-8, 3.667708564378146E-8, 5.606223745942726E-9, 3.667708564378146E-8, 3.667708564378146E-8}, {1.0E-9, 1.0E-9, 1.0E-9, 1.0E-9, 1.0E-9, 1.0E-9, 1.0E-9, 1.0E-9, 0.8346714976357457, 1.0E-9, 1.0E-9, 1.0E-9, 1.0E-9, 1.0E-9, 1.0E-9, 1.0E-9, 1.0E-9, 1.0E-9, 1.0E-9}, {1.0E-9, 1.0E-9, 1.0E-9, 1.0E-9, 1.0E-9, 1.0E-9, 1.0E-9, 1.0E-9, 1.0E-9, 0.6276607253857523, 1.0E-9, 1.0E-9, 1.0E-9, 1.0E-9, 1.0E-9, 1.0E-9, 1.0E-9, 1.0E-9, 1.0E-9}, {1.8035970177521247E-9, 9.571081746106346E-9, 1.0E-9, 1.0E-9, 1.0E-9, 1.0E-9, 1.0E-9, 2.0612974180635722E-9, 1.0E-9, 1.0E-9, 0.7355754186285711, 2.0612974180635722E-9, 1.1330612971097853E-7, 1.1330612971097853E-7, 1.133061297109787E-7, 1.1330612971097775E-7, 2.0612974180594785E-9, 1.1330612971097775E-7, 1.1330612971097775E-7}, {1.2991041317443376E-9, 4.1896350788077635E-9, 1.0E-9, 1.0E-9, 5.606979307559208E-8, 1.0618989011683937E-8, 1.0E-9, 5.606223745942829E-9, 1.0E-9, 1.0E-9, 3.667708564378151E-8, 0.7769162427913918, 3.667708564378151E-8, 3.667708564378151E-8, 3.667708564378151E-8, 3.667708564378149E-8, 5.606223745942686E-9, 3.667708564378151E-8, 3.667708564378151E-8}, {1.8035970177521257E-9, 9.57108174610636E-9, 1.0E-9, 1.0E-9, 1.0E-9, 1.0E-9, 1.0E-9, 2.0612974180635722E-9, 1.0E-9, 1.0E-9, 1.133061297109802E-7, 2.0612974180635722E-9, 0.7355754186285711, 1.133061297109802E-7, 1.133061297109802E-7, 1.1330612971097866E-7, 2.0612974180596423E-9, 1.1330612971097893E-7, 1.1330612971097893E-7}, {1.8035970177521253E-9, 9.571081746106357E-9, 1.0E-9, 1.0E-9, 1.0E-9, 1.0E-9, 1.0E-9, 2.0612974180634085E-9, 1.0E-9, 1.0E-9, 1.1330612971097951E-7, 2.0612974180634085E-9, 1.1330612971097951E-7, 0.7355754186285711, 1.1330612971097951E-7, 1.1330612971097815E-7, 2.0612974180594785E-9, 1.1330612971097815E-7, 1.1330612971097815E-7}, {1.8035970177521307E-9, 9.571081746106408E-9, 1.0E-9, 1.0E-9, 1.0E-9, 1.0E-9, 1.0E-9, 2.0612974180639813E-9, 1.0E-9, 1.0E-9, 1.1330612971097799E-7, 2.0612974180639813E-9, 1.1330612971097799E-7, 1.1330612971097799E-7, 0.7355754186285711, 1.1330612971097676E-7, 2.0612974180600518E-9, 1.1330612971097676E-7, 1.1330612971097676E-7}, {1.8035970177521288E-9, 9.571081746106375E-9, 1.0E-9, 1.0E-9, 1.0E-9, 1.0E-9, 1.0E-9, 2.061297418063736E-9, 1.0E-9, 1.0E-9, 1.1330612971097926E-7, 2.061297418063736E-9, 1.1330612971097926E-7, 1.1330612971097926E-7, 1.1330612971097926E-7, 0.7355754186285711, 2.061297418059806E-9, 1.1330612971097831E-7, 1.1330612971097831E-7}, {1.2991041317443465E-9, 4.189635078807446E-9, 1.0E-9, 1.0E-9, 5.606979307560286E-8, 1.0618989011702869E-8, 1.0E-9, 5.606223745942071E-9, 1.0E-9, 1.0E-9, 3.667708564376951E-8, 5.606223745942071E-9, 3.667708564376951E-8, 3.667708564376951E-8, 3.667708564376951E-8, 3.667708564376929E-8, 0.7769162427913916, 3.667708564376929E-8, 3.667708564376929E-8}, {1.8035970177521295E-9, 9.57108174610638E-9, 1.0E-9, 1.0E-9, 1.0E-9, 1.0E-9, 1.0E-9, 2.0612974180634904E-9, 1.0E-9, 1.0E-9, 1.1330612971097972E-7, 2.0612974180634904E-9, 1.1330612971097972E-7, 1.1330612971097972E-7, 1.1330612971097972E-7, 1.1330612971097849E-7, 2.0612974180594785E-9, 0.7355754186285711, 1.1330612971097874E-7}, {1.8035970177521344E-9, 9.571081746106432E-9, 1.0E-9, 1.0E-9, 1.0E-9, 1.0E-9, 1.0E-9, 2.0612974180638175E-9, 1.0E-9, 1.0E-9, 1.1330612971097903E-7, 2.0612974180638175E-9, 1.1330612971097903E-7, 1.1330612971097903E-7, 1.1330612971097903E-7, 1.133061297109778E-7, 2.06129741805997E-9, 1.1330612971097796E-7, 0.7355754186285711}}
{{1.0E-9, 1.0E-9, 1.0E-9, 1.0E-9, 1.0E-9, 1.0E-9, 1.0E-9, 1.0E-9, 1.0E-9, 1.0E-9, 1.0E-9, 1.0E-9, 1.0E-9, 1.0E-9, 1.0E-9, 1.0E-9, 1.0E-9, 1.0E-9, 1.0E-9}, {1.0E-9, 0.7578238632698221, 1.0E-9, 1.0E-9, 1.0E-9, 1.0E-9, 1.0E-9, 1.0E-9, 1.0E-9, 1.0E-9, 1.0E-9, 1.0E-9, 1.0E-9, 1.0E-9, 1.0E-9, 1.0E-9, 1.0E-9, 1.0E-9, 1.0E-9}, {1.0E-9, 1.0E-9, 1.0E-9, 1.0E-9, 1.0E-9, 1.0E-9, 1.0E-9, 1.0E-9, 1.0E-9, 1.0E-9, 1.0E-9, 1.0E-9, 1.0E-9, 1.0E-9, 1.0E-9, 1.0E-9, 1.0E-9, 1.0E-9, 1.0E-9}, {1.0E-9, 1.0E-9, 1.0E-9, 0.36192039999702236, 1.0E-9, 1.0E-9, 1.0E-9, 1.0E-9, 1.0E-9, 1.0E-9, 1.0E-9, 1.0E-9, 1.0E-9, 1.0E-9, 1.0E-9, 1.0E-9, 1.0E-9, 1.0E-9, 1.0E-9}, {1.0E-9, 2.825251278276822E-9, 1.0E-9, 1.0E-9, 0.908305889878011, 1.0E-9, 1.0E-9, 1.0E-9, 1.0E-9, 1.0E-9, 1.0E-9, 1.0E-9, 1.0E-9, 1.0E-9, 1.0E-9, 1.0E-9, 1.0E-9, 1.0E-9, 1.0E-9}, {1.0E-9, 1.0E-9, 1.0E-9, 1.0E-9, 1.0E-9, 0.805907241645947, 1.0E-9, 1.0E-9, 1.0E-9, 1.0E-9, 1.0E-9, 1.0E-9, 1.0E-9, 1.0E-9, 1.0E-9, 1.0E-9, 1.0E-9, 1.0E-9, 1.0E-9}, {1.0E-9, 1.0E-9, 1.0E-9, 1.0E-9, 1.0E-9, 1.0E-9, 0.7994942618158033, 1.0E-9, 1.0E-9, 1.0E-9, 1.0E-9, 1.0E-9, 1.0E-9, 1.0E-9, 1.0E-9, 1.0E-9, 1.0E-9, 1.0E-9, 1.0E-9}, {1.0E-9, 1.0E-9, 1.0E-9, 1.0E-9, 1.0E-9, 1.0E-9, 1.0E-9, 0.9051308593572244, 1.0E-9, 1.0E-9, 1.0E-9, 1.0E-9, 1.0E-9, 1.0E-9, 1.0E-9, 1.0E-9, 1.0E-9, 1.0E-9, 1.0E-9}, {1.0E-9, 1.0E-9, 1.0E-9, 1.0E-9, 1.0E-9, 1.0E-9, 1.0E-9, 1.0E-9, 0.9067645636572074, 1.0E-9, 1.0E-9, 1.0E-9, 1.0E-9, 1.0E-9, 1.0E-9, 1.0E-9, 1.0E-9, 1.0E-9, 1.0E-9}, {1.0E-9, 1.0E-9, 1.0E-9, 1.0E-9, 1.0E-9, 1.0E-9, 1.0E-9, 1.0E-9, 1.0E-9, 4.57364940327931E-4, 1.0E-9, 1.0E-9, 1.0E-9, 1.0E-9, 1.0E-9, 1.0E-9, 1.0E-9, 1.0E-9, 1.0E-9}, {1.0E-9, 1.0E-9, 1.0E-9, 1.0E-9, 1.0E-9, 1.0E-9, 1.0E-9, 1.0E-9, 1.0E-9, 1.0E-9, 0.9078970479380714, 1.0E-9, 1.0E-9, 1.0E-9, 1.0E-9, 1.0E-9, 1.0E-9, 1.0E-9, 1.0E-9}, {1.0E-9, 1.0E-9, 1.0E-9, 1.0E-9, 1.0E-9, 1.0E-9, 1.0E-9, 1.0E-9, 1.0E-9, 1.0E-9, 1.0E-9, 0.9051308593572244, 1.0E-9, 1.0E-9, 1.0E-9, 1.0E-9, 1.0E-9, 1.0E-9, 1.0E-9}, {1.0E-9, 1.0E-9, 1.0E-9, 1.0E-9, 1.0E-9, 1.0E-9, 1.0E-9, 1.0E-9, 1.0E-9, 1.0E-9, 1.0E-9, 1.0E-9, 0.9078970479380714, 1.0E-9, 1.0E-9, 1.0E-9, 1.0E-9, 1.0E-9, 1.0E-9}, {1.0E-9, 1.0E-9, 1.0E-9, 1.0E-9, 1.0E-9, 1.0E-9, 1.0E-9, 1.0E-9, 1.0E-9, 1.0E-9, 1.0E-9, 1.0E-9, 1.0E-9, 0.9078970479380714, 1.0E-9, 1.0E-9, 1.0E-9, 1.0E-9, 1.0E-9}, {1.0E-9, 1.0E-9, 1.0E-9, 1.0E-9, 1.0E-9, 1.0E-9, 1.0E-9, 1.0E-9, 1.0E-9, 1.0E-9, 1.0E-9, 1.0E-9, 1.0E-9, 1.0E-9, 0.9078970479380714, 1.0E-9, 1.0E-9, 1.0E-9, 1.0E-9}, {1.0E-9, 1.0E-9, 1.0E-9, 1.0E-9, 1.0E-9, 1.0E-9, 1.0E-9, 1.0E-9, 1.0E-9, 1.0E-9, 1.0E-9, 1.0E-9, 1.0E-9, 1.0E-9, 1.0E-9, 0.9078970479380714, 1.0E-9, 1.0E-9, 1.0E-9}, {1.0E-9, 1.0E-9, 1.0E-9, 1.0E-9, 1.0E-9, 1.0E-9, 1.0E-9, 1.0E-9, 1.0E-9, 1.0E-9, 1.0E-9, 1.0E-9, 1.0E-9, 1.0E-9, 1.0E-9, 1.0E-9, 0.9051308593572244, 1.0E-9, 1.0E-9}, {1.0E-9, 1.0E-9, 1.0E-9, 1.0E-9, 1.0E-9, 1.0E-9, 1.0E-9, 1.0E-9, 1.0E-9, 1.0E-9, 1.0E-9, 1.0E-9, 1.0E-9, 1.0E-9, 1.0E-9, 1.0E-9, 1.0E-9, 0.9078970479380714, 1.0E-9}, {1.0E-9, 1.0E-9, 1.0E-9, 1.0E-9, 1.0E-9, 1.0E-9, 1.0E-9, 1.0E-9, 1.0E-9, 1.0E-9, 1.0E-9, 1.0E-9, 1.0E-9, 1.0E-9, 1.0E-9, 1.0E-9, 1.0E-9, 1.0E-9, 0.9078970479380714}}
Processed in 32207.406 ms(update only)
Processed in 55587 ms(total)
Incremental
Totle = 0(A), 0(B), 0(C), 0(all)
Labeled = 0(A), 0(B), 0(C), 0(all)
AllLabels : [0, 0, 0, 0, 0, 0, 0, 0, 0, 0, 0, 0, 0, 0, 0, 0, 0, 0, 0]
TrainLabels : [0, 0, 0, 0, 0, 0, 0, 0, 0, 0, 0, 0, 0, 0, 0, 0, 0, 0, 0]
Accuracy = NaN(A), NaN(B), NaN(C), NaN(all)
BER : NaN
Global
Totle = 98(A), 231(B), 36484(C), 36813(all)
Labeled = 16(A), 0(B), 0(C), 16(all)
AllLabels : [297, 188, 125, 86, 59, 98, 131, 57, 111, 42, 45, 7, 11, 1, 2, 1, 1, 5, 5]
TrainLabels : [0, 7, 7, 7, 0, 4, 5, 0, 1, 5, 0, 0, 0, 0, 0, 0, 0, 0, 0]
Accuracy = 0.762516(A), 0.717476(B), NaN(C), 0.729275(all)
BER : 0.9458326183327316
confidence=0.0
Iter = 0
ObjValue = 0.000000
Iter = 1
Size = 0
Delta = NaN
ObjValue = 0.000000
B =
{{0.6445144781956458, 1.5373294881373046E-5, 1.0E-9, 1.0E-9, 1.0E-9, 1.0E-9, 5.425899974524431E-7, 1.0E-9, 1.0E-9, 1.0E-9, 1.0E-9, 1.0E-9, 1.0E-9, 1.0E-9, 1.0E-9, 1.0E-9, 1.0E-9, 1.0E-9, 1.0E-9}, {1.0E-9, 0.4620378291658003, 1.0E-9, 1.0E-9, 1.0E-9, 1.0E-9, 1.0E-9, 1.0E-9, 1.0E-9, 1.0E-9, 1.0E-9, 1.0E-9, 1.0E-9, 1.0E-9, 1.0E-9, 1.0E-9, 1.0E-9, 1.0E-9, 1.0E-9}, {1.0E-9, 1.0E-9, 0.7560211358070591, 1.0E-9, 1.0E-9, 1.0E-9, 1.0E-9, 1.0E-9, 1.0E-9, 1.0E-9, 1.0E-9, 1.0E-9, 1.0E-9, 1.0E-9, 1.0E-9, 1.0E-9, 1.0E-9, 1.0E-9, 1.0E-9}, {1.0E-9, 1.0E-9, 1.0E-9, 0.3144521292309349, 1.0E-9, 1.0E-9, 1.0E-9, 1.0E-9, 1.0E-9, 1.0E-9, 1.0E-9, 1.0E-9, 1.0E-9, 1.0E-9, 1.0E-9, 1.0E-9, 1.0E-9, 1.0E-9, 1.0E-9}, {1.0E-9, 1.0E-9, 1.0E-9, 1.0E-9, 0.7647873165823648, 1.0E-9, 1.0E-9, 1.0E-9, 1.0E-9, 1.0E-9, 1.0E-9, 1.0E-9, 1.0E-9, 1.0E-9, 1.0E-9, 1.0E-9, 1.0E-9, 1.0E-9, 1.0E-9}, {1.0E-9, 1.0E-9, 1.0E-9, 1.0E-9, 1.0E-9, 0.7926205368088862, 1.0E-9, 1.0E-9, 1.0E-9, 1.0E-9, 1.0E-9, 1.0E-9, 1.0E-9, 1.0E-9, 1.0E-9, 1.0E-9, 1.0E-9, 1.0E-9, 1.0E-9}, {1.0E-9, 1.0E-9, 1.0E-9, 1.0E-9, 1.0E-9, 1.0E-9, 0.4700280711845827, 1.0E-9, 1.0E-9, 1.0E-9, 1.0E-9, 1.0E-9, 1.0E-9, 1.0E-9, 1.0E-9, 1.0E-9, 1.0E-9, 1.0E-9, 1.0E-9}, {1.0E-9, 1.0E-9, 1.0E-9, 1.0E-9, 1.0E-9, 1.0E-9, 1.0E-9, 0.875060544185723, 1.0E-9, 1.0E-9, 1.0E-9, 1.0E-9, 1.0E-9, 1.0E-9, 1.0E-9, 1.0E-9, 1.0E-9, 1.0E-9, 1.0E-9}, {1.0E-9, 1.0E-9, 1.0E-9, 1.0E-9, 1.0E-9, 1.0E-9, 1.0E-9, 1.0E-9, 0.7454431264174127, 1.0E-9, 1.0E-9, 1.0E-9, 1.0E-9, 1.0E-9, 1.0E-9, 1.0E-9, 1.0E-9, 1.0E-9, 1.0E-9}, {1.0E-9, 1.0E-9, 1.0E-9, 1.0E-9, 1.0E-9, 1.0E-9, 1.0E-9, 1.0E-9, 1.0E-9, 0.879040552962027, 1.0E-9, 1.0E-9, 1.0E-9, 1.0E-9, 1.0E-9, 1.0E-9, 1.0E-9, 1.0E-9, 1.0E-9}, {1.0E-9, 1.0E-9, 1.0E-9, 1.0E-9, 1.0E-9, 1.0E-9, 1.0E-9, 1.0E-9, 1.0E-9, 1.0E-9, 0.8868175065137456, 1.0E-9, 1.0E-9, 1.0E-9, 1.0E-9, 1.0E-9, 1.0E-9, 1.0E-9, 1.0E-9}, {1.0E-9, 1.0E-9, 1.0E-9, 1.0E-9, 1.0E-9, 1.0E-9, 1.0E-9, 1.0E-9, 1.0E-9, 1.0E-9, 1.0E-9, 0.875060544185723, 1.0E-9, 1.0E-9, 1.0E-9, 1.0E-9, 1.0E-9, 1.0E-9, 1.0E-9}, {1.0E-9, 1.0E-9, 1.0E-9, 1.0E-9, 1.0E-9, 1.0E-9, 1.0E-9, 1.0E-9, 1.0E-9, 1.0E-9, 1.0E-9, 1.0E-9, 0.8868175065137456, 1.0E-9, 1.0E-9, 1.0E-9, 1.0E-9, 1.0E-9, 1.0E-9}, {1.0E-9, 1.0E-9, 1.0E-9, 1.0E-9, 1.0E-9, 1.0E-9, 1.0E-9, 1.0E-9, 1.0E-9, 1.0E-9, 1.0E-9, 1.0E-9, 1.0E-9, 0.8868175065137456, 1.0E-9, 1.0E-9, 1.0E-9, 1.0E-9, 1.0E-9}, {1.0E-9, 1.0E-9, 1.0E-9, 1.0E-9, 1.0E-9, 1.0E-9, 1.0E-9, 1.0E-9, 1.0E-9, 1.0E-9, 1.0E-9, 1.0E-9, 1.0E-9, 1.0E-9, 0.8868175065137456, 1.0E-9, 1.0E-9, 1.0E-9, 1.0E-9}, {1.0E-9, 1.0E-9, 1.0E-9, 1.0E-9, 1.0E-9, 1.0E-9, 1.0E-9, 1.0E-9, 1.0E-9, 1.0E-9, 1.0E-9, 1.0E-9, 1.0E-9, 1.0E-9, 1.0E-9, 0.886817506513746, 1.0E-9, 1.0E-9, 1.0E-9}, {1.0E-9, 1.0E-9, 1.0E-9, 1.0E-9, 1.0E-9, 1.0E-9, 1.0E-9, 1.0E-9, 1.0E-9, 1.0E-9, 1.0E-9, 1.0E-9, 1.0E-9, 1.0E-9, 1.0E-9, 1.0E-9, 0.875060544185723, 1.0E-9, 1.0E-9}, {1.0E-9, 1.0E-9, 1.0E-9, 1.0E-9, 1.0E-9, 1.0E-9, 1.0E-9, 1.0E-9, 1.0E-9, 1.0E-9, 1.0E-9, 1.0E-9, 1.0E-9, 1.0E-9, 1.0E-9, 1.0E-9, 1.0E-9, 0.8868175065137461, 1.0E-9}, {1.0E-9, 1.0E-9, 1.0E-9, 1.0E-9, 1.0E-9, 1.0E-9, 1.0E-9, 1.0E-9, 1.0E-9, 1.0E-9, 1.0E-9, 1.0E-9, 1.0E-9, 1.0E-9, 1.0E-9, 1.0E-9, 1.0E-9, 1.0E-9, 0.8868175065137461}}
{{0.9143258776499344, 1.0E-9, 1.0E-9, 1.0E-9, 1.0E-9, 1.0E-9, 1.0E-9, 1.0E-9, 1.0E-9, 1.0E-9, 1.0E-9, 1.0E-9, 1.0E-9, 1.0E-9, 1.0E-9, 1.0E-9, 1.0E-9, 1.0E-9, 1.0E-9}, {1.0E-9, 0.8958510704979477, 1.0E-9, 1.0E-9, 1.0E-9, 1.0E-9, 1.0E-9, 1.0E-9, 1.0E-9, 1.0E-9, 1.0E-9, 1.0E-9, 1.0E-9, 1.0E-9, 1.0E-9, 1.0E-9, 1.0E-9, 1.0E-9, 1.0E-9}, {1.0E-9, 1.0E-9, 0.046335189633441895, 1.0E-9, 1.0E-9, 1.0E-9, 1.0E-9, 1.0E-9, 1.0E-9, 1.0E-9, 1.0E-9, 1.0E-9, 1.0E-9, 1.0E-9, 1.0E-9, 1.0E-9, 1.0E-9, 1.0E-9, 1.0E-9}, {1.0E-9, 1.0E-9, 1.0E-9, 0.22628183522713344, 1.0E-9, 1.0E-9, 1.0E-9, 1.0E-9, 1.0E-9, 1.0E-9, 1.0E-9, 1.0E-9, 1.0E-9, 1.0E-9, 1.0E-9, 1.0E-9, 1.0E-9, 1.0E-9, 1.0E-9}, {1.0E-9, 1.0E-9, 1.0E-9, 1.0E-9, 0.8183817513655538, 1.0E-9, 1.0E-9, 1.0E-9, 1.0E-9, 1.0E-9, 1.0E-9, 1.0E-9, 1.0E-9, 1.0E-9, 1.0E-9, 1.0E-9, 1.0E-9, 1.0E-9, 1.0E-9}, {1.0E-9, 1.0E-9, 1.0E-9, 1.0E-9, 1.0E-9, 1.0E-9, 1.0E-9, 1.0E-9, 1.0E-9, 1.0E-9, 1.0E-9, 1.0E-9, 1.0E-9, 1.0E-9, 1.0E-9, 1.0E-9, 1.0E-9, 1.0E-9, 1.0E-9}, {1.0E-9, 1.0E-9, 1.0E-9, 1.0E-9, 1.0E-9, 1.0E-9, 0.8863010909069011, 1.0E-9, 1.0E-9, 1.0E-9, 1.0E-9, 1.0E-9, 1.0E-9, 1.0E-9, 1.0E-9, 1.0E-9, 1.0E-9, 1.0E-9, 1.0E-9}, {1.0E-9, 1.0E-9, 1.0E-9, 1.0E-9, 1.0E-9, 1.0E-9, 1.0E-9, 0.7768911418312319, 1.0E-9, 1.0E-9, 1.0E-9, 1.0E-9, 1.0E-9, 1.0E-9, 1.0E-9, 1.0E-9, 1.0E-9, 1.0E-9, 1.0E-9}, {1.0E-9, 1.0E-9, 1.0E-9, 1.0E-9, 1.0E-9, 1.0E-9, 1.0E-9, 1.0E-9, 0.834652927890277, 1.0E-9, 1.0E-9, 1.0E-9, 1.0E-9, 1.0E-9, 1.0E-9, 1.0E-9, 1.0E-9, 1.0E-9, 1.0E-9}, {1.9436571373763502E-7, 4.201327069473451E-8, 1.839523146127513E-7, 1.3923463007077016E-7, 1.00469400463192E-9, 1.9636338865868795E-7, 2.2068350787640703E-8, 1.00037439279002E-9, 1.000000060402423E-9, 0.6275829811614879, 1.0E-9, 1.00037439279002E-9, 1.0E-9, 1.0E-9, 1.0E-9, 1.0E-9, 1.00037439279002E-9, 1.0E-9, 1.0E-9}, {1.0E-9, 1.0E-9, 1.0E-9, 1.0E-9, 1.0E-9, 1.0E-9, 1.0E-9, 1.0E-9, 1.0E-9, 1.0E-9, 0.7355404919115179, 1.0E-9, 1.0E-9, 1.0E-9, 1.0E-9, 1.0E-9, 1.0E-9, 1.0E-9, 1.0E-9}, {1.0E-9, 1.0E-9, 1.0E-9, 1.0E-9, 1.0E-9, 1.0E-9, 1.0E-9, 1.0E-9, 1.0E-9, 1.0E-9, 1.0E-9, 0.7768911418312319, 1.0E-9, 1.0E-9, 1.0E-9, 1.0E-9, 1.0E-9, 1.0E-9, 1.0E-9}, {1.0E-9, 1.0E-9, 1.0E-9, 1.0E-9, 1.0E-9, 1.0E-9, 1.0E-9, 1.0E-9, 1.0E-9, 1.0E-9, 1.0E-9, 1.0E-9, 0.7355404919115179, 1.0E-9, 1.0E-9, 1.0E-9, 1.0E-9, 1.0E-9, 1.0E-9}, {1.0E-9, 1.0E-9, 1.0E-9, 1.0E-9, 1.0E-9, 1.0E-9, 1.0E-9, 1.0E-9, 1.0E-9, 1.0E-9, 1.0E-9, 1.0E-9, 1.0E-9, 0.7355404919115179, 1.0E-9, 1.0E-9, 1.0E-9, 1.0E-9, 1.0E-9}, {1.0E-9, 1.0E-9, 1.0E-9, 1.0E-9, 1.0E-9, 1.0E-9, 1.0E-9, 1.0E-9, 1.0E-9, 1.0E-9, 1.0E-9, 1.0E-9, 1.0E-9, 1.0E-9, 0.7355404919115179, 1.0E-9, 1.0E-9, 1.0E-9, 1.0E-9}, {1.0E-9, 1.0E-9, 1.0E-9, 1.0E-9, 1.0E-9, 1.0E-9, 1.0E-9, 1.0E-9, 1.0E-9, 1.0E-9, 1.0E-9, 1.0E-9, 1.0E-9, 1.0E-9, 1.0E-9, 0.7355404919115179, 1.0E-9, 1.0E-9, 1.0E-9}, {1.0E-9, 1.0E-9, 1.0E-9, 1.0E-9, 1.0E-9, 1.0E-9, 1.0E-9, 1.0E-9, 1.0E-9, 1.0E-9, 1.0E-9, 1.0E-9, 1.0E-9, 1.0E-9, 1.0E-9, 1.0E-9, 0.7768911418312318, 1.0E-9, 1.0E-9}, {1.0E-9, 1.0E-9, 1.0E-9, 1.0E-9, 1.0E-9, 1.0E-9, 1.0E-9, 1.0E-9, 1.0E-9, 1.0E-9, 1.0E-9, 1.0E-9, 1.0E-9, 1.0E-9, 1.0E-9, 1.0E-9, 1.0E-9, 0.7355404919115179, 1.0E-9}, {1.0E-9, 1.0E-9, 1.0E-9, 1.0E-9, 1.0E-9, 1.0E-9, 1.0E-9, 1.0E-9, 1.0E-9, 1.0E-9, 1.0E-9, 1.0E-9, 1.0E-9, 1.0E-9, 1.0E-9, 1.0E-9, 1.0E-9, 1.0E-9, 0.7355404919115179}}
{{0.6552978027776691, 1.0E-9, 1.0E-9, 1.0E-9, 0.3592180976331929, 1.0E-9, 1.0E-9, 0.2965091813670992, 0.23016603305429914, 1.0E-9, 0.3064801710898974, 0.2965091813670992, 0.3064801710898974, 0.3064801710898974, 0.3064801710898974, 0.30648017108989756, 0.296509181367099, 0.30648017108989756, 0.30648017108989756}, {6.423502935427233E-5, 0.4946307388698562, 1.0E-9, 1.0E-9, 0.2128866623546601, 0.007509897934470232, 1.0E-9, 0.1667508550652017, 0.12800925704016047, 1.0098994724569737E-8, 0.17232387135423763, 0.1667508550652017, 0.17232387135423763, 0.17232387135423763, 0.17232387135423763, 0.17232387135423768, 0.16675085506520157, 0.17232387135423768, 0.17232387135423768}, {4.983937861691823E-5, 1.0E-9, 0.7503710704833902, 1.0E-9, 0.08538167089587907, 0.0027279191264223787, 1.0E-9, 0.06301137697429676, 0.047413973595414376, 8.873318405498016E-9, 0.06509618789662207, 0.06301137697429676, 0.06509618789662207, 0.06509618789662207, 0.06509618789662207, 0.0650961878966221, 0.0630113769742967, 0.0650961878966221, 0.0650961878966221}, {8.438984939255287E-5, 1.0E-9, 1.0E-9, 0.2689059546654812, 0.12046295349332749, 0.006935419032453884, 1.0E-9, 0.09262508819715382, 0.07206407114239727, 1.0E-9, 0.09569287589640607, 0.09262508819715382, 0.09569287589640607, 0.09569287589640607, 0.09569287589640607, 0.09569287589640607, 0.09262508819715391, 0.09569287589640607, 0.09569287589640607}, {6.8560085501361715E-6, 1.0E-9, 1.0E-9, 1.0E-9, 0.8843803566859803, 0.005048751899464895, 1.0E-9, 0.0027658005141159704, 0.002114192143605828, 1.0E-9, 0.002864798976784025, 0.0027658005141159704, 0.002864798976784025, 0.002864798976784025, 0.002864798976784025, 0.002864798976784027, 0.002765800514115967, 0.0028647989767840287, 0.0028647989767840287}, {6.677648547771305E-6, 1.0E-9, 1.0E-9, 1.0E-9, 1.0E-9, 0.7728255363589542, 1.0E-9, 0.0024268580756737026, 0.0016712734507936034, 1.0E-9, 0.0025301823087940357, 0.0024268580756737026, 0.0025301823087940357, 0.0025301823087940357, 0.0025301823087940357, 0.002530182308794034, 0.0024268580756737026, 0.002530182308794034, 0.002530182308794034}, {7.382934064148307E-5, 1.0E-9, 1.0E-9, 1.0E-9, 0.16280769711181056, 1.0E-9, 0.5791350361053806, 0.13781722160683654, 0.10695934135096415, 1.0702301859614134E-9, 0.14240350955703873, 0.13781722160683654, 0.14240350955703873, 0.14240350955703873, 0.14240350955703873, 0.1424035095570388, 0.13781722160683643, 0.1424035095570388, 0.1424035095570388}, {3.3411915754064622E-6, 1.0E-9, 1.0E-9, 1.0E-9, 5.007870401834525E-4, 1.0E-9, 1.0E-9, 0.8934385601132564, 3.987328262142101E-4, 1.0E-9, 5.255752561824782E-4, 5.091167619769676E-4, 5.255752561824782E-4, 5.255752561824782E-4, 5.255752561824782E-4, 5.25575256182478E-4, 5.091167619769672E-4, 5.25575256182478E-4, 5.25575256182478E-4}, {3.249964789121674E-6, 1.0E-9, 1.0E-9, 1.0E-9, 3.7584432039228623E-4, 1.0E-9, 1.4500260839259264E-6, 1.0E-9, 0.8161674059725312, 2.049074766445201E-9, 1.0E-9, 1.0E-9, 1.0E-9, 1.0E-9, 1.0E-9, 1.0E-9, 1.0E-9, 1.0E-9, 1.0E-9}, {2.184077192873456E-5, 1.0E-9, 1.0E-9, 1.0E-9, 0.03262676094276642, 0.001015111226824756, 1.0E-9, 0.019471224783853235, 0.013569029348328529, 0.8826182900866999, 0.020139237485688286, 0.019471224783853235, 0.020139237485688286, 0.020139237485688286, 0.020139237485688286, 0.020139237485688324, 0.019471224783853207, 0.020139237485688338, 0.020139237485688338}, {3.604864108215994E-6, 1.0E-9, 1.0E-9, 1.0E-9, 5.942856567511941E-4, 1.0E-9, 1.0E-9, 5.976020255621326E-4, 4.680004783576077E-4, 1.0E-9, 0.9057853901152148, 5.976020255621326E-4, 6.169241770975402E-4, 6.169241770975402E-4, 6.169241770975402E-4, 6.169241770975417E-4, 5.976020255621324E-4, 6.169241770975417E-4, 6.169241770975417E-4}, {3.3411915754064665E-6, 1.0E-9, 1.0E-9, 1.0E-9, 5.00787040183451E-4, 1.0E-9, 1.0E-9, 5.091167619769665E-4, 3.987328262142097E-4, 1.0E-9, 5.255752561824767E-4, 0.8934385601132563, 5.255752561824767E-4, 5.255752561824767E-4, 5.255752561824767E-4, 5.25575256182477E-4, 5.091167619769663E-4, 5.25575256182477E-4, 5.25575256182477E-4}, {3.6048641082159953E-6, 1.0E-9, 1.0E-9, 1.0E-9, 5.942856567511939E-4, 1.0E-9, 1.0E-9, 5.976020255621332E-4, 4.680004783576067E-4, 1.0E-9, 6.169241770975415E-4, 5.976020255621332E-4, 0.9057853901152148, 6.169241770975415E-4, 6.169241770975415E-4, 6.169241770975415E-4, 5.976020255621332E-4, 6.169241770975415E-4, 6.169241770975415E-4}, {3.604864108215985E-6, 1.0E-9, 1.0E-9, 1.0E-9, 5.94285656751193E-4, 1.0E-9, 1.0E-9, 5.976020255621326E-4, 4.6800047835760726E-4, 1.0E-9, 6.169241770975382E-4, 5.976020255621326E-4, 6.169241770975382E-4, 0.9057853901152148, 6.169241770975382E-4, 6.169241770975386E-4, 5.976020255621322E-4, 6.16924177097539E-4, 6.16924177097539E-4}, {3.6048641082159877E-6, 1.0E-9, 1.0E-9, 1.0E-9, 5.942856567511936E-4, 1.0E-9, 1.0E-9, 5.976020255621326E-4, 4.6800047835760694E-4, 1.0E-9, 6.169241770975375E-4, 5.976020255621326E-4, 6.169241770975375E-4, 6.169241770975375E-4, 0.9057853901152148, 6.169241770975377E-4, 5.976020255621324E-4, 6.169241770975377E-4, 6.169241770975377E-4}, {3.604864108215908E-6, 1.0E-9, 1.0E-9, 1.0E-9, 5.942856567510988E-4, 1.0E-9, 1.0E-9, 5.976020255620736E-4, 4.6800047835753825E-4, 1.0E-9, 6.169241770975035E-4, 5.976020255620736E-4, 6.169241770975035E-4, 6.169241770975035E-4, 6.169241770975035E-4, 0.905785390115215, 5.976020255620734E-4, 6.169241770975037E-4, 6.169241770975037E-4}, {3.3411915754064444E-6, 1.0E-9, 1.0E-9, 1.0E-9, 5.007870401834396E-4, 1.0E-9, 1.0E-9, 5.091167619769568E-4, 3.987328262142069E-4, 1.0E-9, 5.255752561824712E-4, 5.091167619769568E-4, 5.255752561824712E-4, 5.255752561824712E-4, 5.255752561824712E-4, 5.255752561824712E-4, 0.8934385601132563, 5.255752561824712E-4, 5.255752561824712E-4}, {3.604864108215889E-6, 1.0E-9, 1.0E-9, 1.0E-9, 5.942856567510928E-4, 1.0E-9, 1.0E-9, 5.976020255620706E-4, 4.68000478357537E-4, 1.0E-9, 6.169241770975012E-4, 5.976020255620706E-4, 6.169241770975012E-4, 6.169241770975012E-4, 6.169241770975012E-4, 6.169241770975016E-4, 5.976020255620702E-4, 0.905785390115215, 6.169241770975016E-4}, {3.6048641082158878E-6, 1.0E-9, 1.0E-9, 1.0E-9, 5.942856567510928E-4, 1.0E-9, 1.0E-9, 5.976020255620708E-4, 4.6800047835753744E-4, 1.0E-9, 6.169241770975012E-4, 5.976020255620708E-4, 6.169241770975012E-4, 6.169241770975012E-4, 6.169241770975012E-4, 6.169241770975014E-4, 5.976020255620704E-4, 6.169241770975014E-4, 0.905785390115215}}
{{1.0E-9, 1.0E-9, 1.0E-9, 1.0E-9, 1.0E-9, 1.0E-9, 1.0E-9, 9.33926756337102E-8, 1.0E-9, 1.0E-9, 1.0E-9, 9.339267563371017E-8, 1.0E-9, 1.0E-9, 1.0E-9, 1.0E-9, 9.339267563394405E-8, 1.0E-9, 1.0E-9}, {1.0E-9, 0.7616452538303484, 1.0E-9, 1.0E-9, 1.0E-9, 1.0E-9, 1.0E-9, 8.5120544119688E-8, 1.0E-9, 1.0E-9, 1.0E-9, 8.512054411968775E-8, 1.0E-9, 1.0E-9, 1.0E-9, 1.0E-9, 8.512054411981314E-8, 1.0E-9, 1.0E-9}, {1.0E-9, 1.0E-9, 1.0E-9, 1.0E-9, 1.0E-9, 1.0E-9, 1.0E-9, 1.0E-9, 1.0E-9, 1.0E-9, 1.0E-9, 1.0E-9, 1.0E-9, 1.0E-9, 1.0E-9, 1.0E-9, 1.0E-9, 1.0E-9, 1.0E-9}, {1.0E-9, 1.0E-9, 1.0E-9, 0.36386753593760407, 1.0E-9, 1.0E-9, 1.0E-9, 1.2058745175742927E-8, 1.0E-9, 1.0E-9, 1.0E-9, 1.2058745175742946E-8, 1.0E-9, 1.0E-9, 1.0E-9, 1.0E-9, 1.2058745175756741E-8, 1.0E-9, 1.0E-9}, {1.0E-9, 1.0E-9, 1.0E-9, 1.0E-9, 0.9088425811194412, 1.0E-9, 1.0E-9, 1.0E-9, 1.0E-9, 1.0E-9, 1.0E-9, 1.0E-9, 1.0E-9, 1.0E-9, 1.0E-9, 1.0E-9, 1.0E-9, 1.0E-9, 1.0E-9}, {1.0E-9, 1.0E-9, 1.0E-9, 1.0E-9, 1.0E-9, 0.8064590021438994, 1.0E-9, 1.0E-9, 1.0E-9, 1.0E-9, 1.0E-9, 1.0E-9, 1.0E-9, 1.0E-9, 1.0E-9, 1.0E-9, 1.0E-9, 1.0E-9, 1.0E-9}, {1.0E-9, 1.0E-9, 1.0E-9, 1.0E-9, 1.0E-9, 1.0E-9, 0.8016171117247222, 1.0E-9, 1.0E-9, 1.0E-9, 1.0E-9, 1.0E-9, 1.0E-9, 1.0E-9, 1.0E-9, 1.0E-9, 1.0E-9, 1.0E-9, 1.0E-9}, {1.0E-9, 1.0E-9, 1.0E-9, 1.0E-9, 1.0E-9, 1.0E-9, 1.0E-9, 0.9060280668054939, 1.0E-9, 1.0E-9, 1.0E-9, 1.0E-9, 1.0E-9, 1.0E-9, 1.0E-9, 1.0E-9, 1.0E-9, 1.0E-9, 1.0E-9}, {1.0E-9, 1.0E-9, 1.0E-9, 1.0E-9, 1.0E-9, 1.0E-9, 1.0E-9, 1.0E-9, 0.907436321136486, 1.0E-9, 1.0E-9, 1.0E-9, 1.0E-9, 1.0E-9, 1.0E-9, 1.0E-9, 1.0E-9, 1.0E-9, 1.0E-9}, {1.0E-9, 1.0E-9, 1.0E-9, 1.0E-9, 1.0E-9, 1.0E-9, 1.0E-9, 1.0E-9, 1.0E-9, 0.006395981941328604, 1.0E-9, 1.0E-9, 1.0E-9, 1.0E-9, 1.0E-9, 1.0E-9, 1.0E-9, 1.0E-9, 1.0E-9}, {1.0E-9, 1.0E-9, 1.0E-9, 1.0E-9, 1.0E-9, 1.0E-9, 1.0E-9, 1.0E-9, 1.0E-9, 1.0E-9, 0.9088355405987562, 1.0E-9, 1.0E-9, 1.0E-9, 1.0E-9, 1.0E-9, 1.0E-9, 1.0E-9, 1.0E-9}, {1.0E-9, 1.0E-9, 1.0E-9, 1.0E-9, 1.0E-9, 1.0E-9, 1.0E-9, 1.0E-9, 1.0E-9, 1.0E-9, 1.0E-9, 0.9060280668054939, 1.0E-9, 1.0E-9, 1.0E-9, 1.0E-9, 1.0E-9, 1.0E-9, 1.0E-9}, {1.0E-9, 1.0E-9, 1.0E-9, 1.0E-9, 1.0E-9, 1.0E-9, 1.0E-9, 1.0E-9, 1.0E-9, 1.0E-9, 1.0E-9, 1.0E-9, 0.9088355405987562, 1.0E-9, 1.0E-9, 1.0E-9, 1.0E-9, 1.0E-9, 1.0E-9}, {1.0E-9, 1.0E-9, 1.0E-9, 1.0E-9, 1.0E-9, 1.0E-9, 1.0E-9, 1.0E-9, 1.0E-9, 1.0E-9, 1.0E-9, 1.0E-9, 1.0E-9, 0.9088355405987562, 1.0E-9, 1.0E-9, 1.0E-9, 1.0E-9, 1.0E-9}, {1.0E-9, 1.0E-9, 1.0E-9, 1.0E-9, 1.0E-9, 1.0E-9, 1.0E-9, 1.0E-9, 1.0E-9, 1.0E-9, 1.0E-9, 1.0E-9, 1.0E-9, 1.0E-9, 0.9088355405987562, 1.0E-9, 1.0E-9, 1.0E-9, 1.0E-9}, {1.0E-9, 1.0E-9, 1.0E-9, 1.0E-9, 1.0E-9, 1.0E-9, 1.0E-9, 1.0E-9, 1.0E-9, 1.0E-9, 1.0E-9, 1.0E-9, 1.0E-9, 1.0E-9, 1.0E-9, 0.9088355405987562, 1.0E-9, 1.0E-9, 1.0E-9}, {1.0E-9, 1.0E-9, 1.0E-9, 1.0E-9, 1.0E-9, 1.0E-9, 1.0E-9, 1.0E-9, 1.0E-9, 1.0E-9, 1.0E-9, 1.0E-9, 1.0E-9, 1.0E-9, 1.0E-9, 1.0E-9, 0.9060280668054939, 1.0E-9, 1.0E-9}, {1.0E-9, 1.0E-9, 1.0E-9, 1.0E-9, 1.0E-9, 1.0E-9, 1.0E-9, 1.0E-9, 1.0E-9, 1.0E-9, 1.0E-9, 1.0E-9, 1.0E-9, 1.0E-9, 1.0E-9, 1.0E-9, 1.0E-9, 0.9088355405987562, 1.0E-9}, {1.0E-9, 1.0E-9, 1.0E-9, 1.0E-9, 1.0E-9, 1.0E-9, 1.0E-9, 1.0E-9, 1.0E-9, 1.0E-9, 1.0E-9, 1.0E-9, 1.0E-9, 1.0E-9, 1.0E-9, 1.0E-9, 1.0E-9, 1.0E-9, 0.9088355405987562}}
{{0.9143372123175801, 1.0E-9, 1.0E-9, 1.0E-9, 1.0E-9, 1.0E-9, 1.0E-9, 1.0E-9, 1.0E-9, 1.0E-9, 1.0E-9, 1.0E-9, 1.0E-9, 1.0E-9, 1.0E-9, 1.0E-9, 1.0E-9, 1.0E-9, 1.0E-9}, {1.0E-9, 0.8958550967578244, 1.0E-9, 1.0E-9, 1.0E-9, 1.0E-9, 1.0E-9, 1.0E-9, 1.0E-9, 1.0E-9, 1.0E-9, 1.0E-9, 1.0E-9, 1.0E-9, 1.0E-9, 1.0E-9, 1.0E-9, 1.0E-9, 1.0E-9}, {1.0E-9, 1.0E-9, 0.04634107101804802, 1.0E-9, 1.0E-9, 1.0E-9, 1.0E-9, 1.0E-9, 1.0E-9, 1.0E-9, 1.0E-9, 1.0E-9, 1.0E-9, 1.0E-9, 1.0E-9, 1.0E-9, 1.0E-9, 1.0E-9, 1.0E-9}, {1.0E-9, 1.0E-9, 1.0E-9, 0.2262905361563444, 1.0E-9, 1.0E-9, 1.0E-9, 1.0E-9, 1.0E-9, 1.0E-9, 1.0E-9, 1.0E-9, 1.0E-9, 1.0E-9, 1.0E-9, 1.0E-9, 1.0E-9, 1.0E-9, 1.0E-9}, {3.1042735241194095E-9, 1.4991092059498322E-8, 1.0E-9, 1.0E-9, 0.8184066743967919, 5.11218881447595E-7, 1.7378575145903278E-8, 1.0E-9, 1.0E-9, 1.0E-9, 1.0E-9, 1.0E-9, 1.0E-9, 1.0E-9, 1.0E-9, 1.0E-9, 1.0E-9, 1.0E-9, 1.0E-9}, {1.0E-9, 1.0E-9, 1.0E-9, 1.0E-9, 1.0E-9, 1.0E-9, 1.0E-9, 1.0E-9, 1.0E-9, 1.0E-9, 1.0E-9, 1.0E-9, 1.0E-9, 1.0E-9, 1.0E-9, 1.0E-9, 1.0E-9, 1.0E-9, 1.0E-9}, {1.0E-9, 1.0E-9, 1.0E-9, 1.0E-9, 1.0E-9, 1.0E-9, 0.8864364822953184, 1.0E-9, 1.0E-9, 1.0E-9, 1.0E-9, 1.0E-9, 1.0E-9, 1.0E-9, 1.0E-9, 1.0E-9, 1.0E-9, 1.0E-9, 1.0E-9}, {1.2991041317443376E-9, 4.189635078807762E-9, 1.0E-9, 1.0E-9, 5.606979307559212E-8, 1.0618989011683958E-8, 1.0E-9, 0.7769162427913918, 1.0E-9, 1.0E-9, 3.66770856437817E-8, 5.606223745942869E-9, 3.66770856437817E-8, 3.66770856437817E-8, 3.66770856437817E-8, 3.667708564378146E-8, 5.606223745942726E-9, 3.667708564378146E-8, 3.667708564378146E-8}, {1.0E-9, 1.0E-9, 1.0E-9, 1.0E-9, 1.0E-9, 1.0E-9, 1.0E-9, 1.0E-9, 0.8346714976357457, 1.0E-9, 1.0E-9, 1.0E-9, 1.0E-9, 1.0E-9, 1.0E-9, 1.0E-9, 1.0E-9, 1.0E-9, 1.0E-9}, {1.0E-9, 1.0E-9, 1.0E-9, 1.0E-9, 1.0E-9, 1.0E-9, 1.0E-9, 1.0E-9, 1.0E-9, 0.6276607253857523, 1.0E-9, 1.0E-9, 1.0E-9, 1.0E-9, 1.0E-9, 1.0E-9, 1.0E-9, 1.0E-9, 1.0E-9}, {1.8035970177521247E-9, 9.571081746106346E-9, 1.0E-9, 1.0E-9, 1.0E-9, 1.0E-9, 1.0E-9, 2.0612974180635722E-9, 1.0E-9, 1.0E-9, 0.7355754186285711, 2.0612974180635722E-9, 1.1330612971097853E-7, 1.1330612971097853E-7, 1.133061297109787E-7, 1.1330612971097775E-7, 2.0612974180594785E-9, 1.1330612971097775E-7, 1.1330612971097775E-7}, {1.2991041317443376E-9, 4.1896350788077635E-9, 1.0E-9, 1.0E-9, 5.606979307559208E-8, 1.0618989011683937E-8, 1.0E-9, 5.606223745942829E-9, 1.0E-9, 1.0E-9, 3.667708564378151E-8, 0.7769162427913918, 3.667708564378151E-8, 3.667708564378151E-8, 3.667708564378151E-8, 3.667708564378149E-8, 5.606223745942686E-9, 3.667708564378151E-8, 3.667708564378151E-8}, {1.8035970177521257E-9, 9.57108174610636E-9, 1.0E-9, 1.0E-9, 1.0E-9, 1.0E-9, 1.0E-9, 2.0612974180635722E-9, 1.0E-9, 1.0E-9, 1.133061297109802E-7, 2.0612974180635722E-9, 0.7355754186285711, 1.133061297109802E-7, 1.133061297109802E-7, 1.1330612971097866E-7, 2.0612974180596423E-9, 1.1330612971097893E-7, 1.1330612971097893E-7}, {1.8035970177521253E-9, 9.571081746106357E-9, 1.0E-9, 1.0E-9, 1.0E-9, 1.0E-9, 1.0E-9, 2.0612974180634085E-9, 1.0E-9, 1.0E-9, 1.1330612971097951E-7, 2.0612974180634085E-9, 1.1330612971097951E-7, 0.7355754186285711, 1.1330612971097951E-7, 1.1330612971097815E-7, 2.0612974180594785E-9, 1.1330612971097815E-7, 1.1330612971097815E-7}, {1.8035970177521307E-9, 9.571081746106408E-9, 1.0E-9, 1.0E-9, 1.0E-9, 1.0E-9, 1.0E-9, 2.0612974180639813E-9, 1.0E-9, 1.0E-9, 1.1330612971097799E-7, 2.0612974180639813E-9, 1.1330612971097799E-7, 1.1330612971097799E-7, 0.7355754186285711, 1.1330612971097676E-7, 2.0612974180600518E-9, 1.1330612971097676E-7, 1.1330612971097676E-7}, {1.8035970177521288E-9, 9.571081746106375E-9, 1.0E-9, 1.0E-9, 1.0E-9, 1.0E-9, 1.0E-9, 2.061297418063736E-9, 1.0E-9, 1.0E-9, 1.1330612971097926E-7, 2.061297418063736E-9, 1.1330612971097926E-7, 1.1330612971097926E-7, 1.1330612971097926E-7, 0.7355754186285711, 2.061297418059806E-9, 1.1330612971097831E-7, 1.1330612971097831E-7}, {1.2991041317443465E-9, 4.189635078807446E-9, 1.0E-9, 1.0E-9, 5.606979307560286E-8, 1.0618989011702869E-8, 1.0E-9, 5.606223745942071E-9, 1.0E-9, 1.0E-9, 3.667708564376951E-8, 5.606223745942071E-9, 3.667708564376951E-8, 3.667708564376951E-8, 3.667708564376951E-8, 3.667708564376929E-8, 0.7769162427913916, 3.667708564376929E-8, 3.667708564376929E-8}, {1.8035970177521295E-9, 9.57108174610638E-9, 1.0E-9, 1.0E-9, 1.0E-9, 1.0E-9, 1.0E-9, 2.0612974180634904E-9, 1.0E-9, 1.0E-9, 1.1330612971097972E-7, 2.0612974180634904E-9, 1.1330612971097972E-7, 1.1330612971097972E-7, 1.1330612971097972E-7, 1.1330612971097849E-7, 2.0612974180594785E-9, 0.7355754186285711, 1.1330612971097874E-7}, {1.8035970177521344E-9, 9.571081746106432E-9, 1.0E-9, 1.0E-9, 1.0E-9, 1.0E-9, 1.0E-9, 2.0612974180638175E-9, 1.0E-9, 1.0E-9, 1.1330612971097903E-7, 2.0612974180638175E-9, 1.1330612971097903E-7, 1.1330612971097903E-7, 1.1330612971097903E-7, 1.133061297109778E-7, 2.06129741805997E-9, 1.1330612971097796E-7, 0.7355754186285711}}
{{1.0E-9, 1.0E-9, 1.0E-9, 1.0E-9, 1.0E-9, 1.0E-9, 1.0E-9, 1.0E-9, 1.0E-9, 1.0E-9, 1.0E-9, 1.0E-9, 1.0E-9, 1.0E-9, 1.0E-9, 1.0E-9, 1.0E-9, 1.0E-9, 1.0E-9}, {1.0E-9, 0.7578238632698221, 1.0E-9, 1.0E-9, 1.0E-9, 1.0E-9, 1.0E-9, 1.0E-9, 1.0E-9, 1.0E-9, 1.0E-9, 1.0E-9, 1.0E-9, 1.0E-9, 1.0E-9, 1.0E-9, 1.0E-9, 1.0E-9, 1.0E-9}, {1.0E-9, 1.0E-9, 1.0E-9, 1.0E-9, 1.0E-9, 1.0E-9, 1.0E-9, 1.0E-9, 1.0E-9, 1.0E-9, 1.0E-9, 1.0E-9, 1.0E-9, 1.0E-9, 1.0E-9, 1.0E-9, 1.0E-9, 1.0E-9, 1.0E-9}, {1.0E-9, 1.0E-9, 1.0E-9, 0.36192039999702236, 1.0E-9, 1.0E-9, 1.0E-9, 1.0E-9, 1.0E-9, 1.0E-9, 1.0E-9, 1.0E-9, 1.0E-9, 1.0E-9, 1.0E-9, 1.0E-9, 1.0E-9, 1.0E-9, 1.0E-9}, {1.0E-9, 2.825251278276822E-9, 1.0E-9, 1.0E-9, 0.908305889878011, 1.0E-9, 1.0E-9, 1.0E-9, 1.0E-9, 1.0E-9, 1.0E-9, 1.0E-9, 1.0E-9, 1.0E-9, 1.0E-9, 1.0E-9, 1.0E-9, 1.0E-9, 1.0E-9}, {1.0E-9, 1.0E-9, 1.0E-9, 1.0E-9, 1.0E-9, 0.805907241645947, 1.0E-9, 1.0E-9, 1.0E-9, 1.0E-9, 1.0E-9, 1.0E-9, 1.0E-9, 1.0E-9, 1.0E-9, 1.0E-9, 1.0E-9, 1.0E-9, 1.0E-9}, {1.0E-9, 1.0E-9, 1.0E-9, 1.0E-9, 1.0E-9, 1.0E-9, 0.7994942618158033, 1.0E-9, 1.0E-9, 1.0E-9, 1.0E-9, 1.0E-9, 1.0E-9, 1.0E-9, 1.0E-9, 1.0E-9, 1.0E-9, 1.0E-9, 1.0E-9}, {1.0E-9, 1.0E-9, 1.0E-9, 1.0E-9, 1.0E-9, 1.0E-9, 1.0E-9, 0.9051308593572244, 1.0E-9, 1.0E-9, 1.0E-9, 1.0E-9, 1.0E-9, 1.0E-9, 1.0E-9, 1.0E-9, 1.0E-9, 1.0E-9, 1.0E-9}, {1.0E-9, 1.0E-9, 1.0E-9, 1.0E-9, 1.0E-9, 1.0E-9, 1.0E-9, 1.0E-9, 0.9067645636572074, 1.0E-9, 1.0E-9, 1.0E-9, 1.0E-9, 1.0E-9, 1.0E-9, 1.0E-9, 1.0E-9, 1.0E-9, 1.0E-9}, {1.0E-9, 1.0E-9, 1.0E-9, 1.0E-9, 1.0E-9, 1.0E-9, 1.0E-9, 1.0E-9, 1.0E-9, 4.57364940327931E-4, 1.0E-9, 1.0E-9, 1.0E-9, 1.0E-9, 1.0E-9, 1.0E-9, 1.0E-9, 1.0E-9, 1.0E-9}, {1.0E-9, 1.0E-9, 1.0E-9, 1.0E-9, 1.0E-9, 1.0E-9, 1.0E-9, 1.0E-9, 1.0E-9, 1.0E-9, 0.9078970479380714, 1.0E-9, 1.0E-9, 1.0E-9, 1.0E-9, 1.0E-9, 1.0E-9, 1.0E-9, 1.0E-9}, {1.0E-9, 1.0E-9, 1.0E-9, 1.0E-9, 1.0E-9, 1.0E-9, 1.0E-9, 1.0E-9, 1.0E-9, 1.0E-9, 1.0E-9, 0.9051308593572244, 1.0E-9, 1.0E-9, 1.0E-9, 1.0E-9, 1.0E-9, 1.0E-9, 1.0E-9}, {1.0E-9, 1.0E-9, 1.0E-9, 1.0E-9, 1.0E-9, 1.0E-9, 1.0E-9, 1.0E-9, 1.0E-9, 1.0E-9, 1.0E-9, 1.0E-9, 0.9078970479380714, 1.0E-9, 1.0E-9, 1.0E-9, 1.0E-9, 1.0E-9, 1.0E-9}, {1.0E-9, 1.0E-9, 1.0E-9, 1.0E-9, 1.0E-9, 1.0E-9, 1.0E-9, 1.0E-9, 1.0E-9, 1.0E-9, 1.0E-9, 1.0E-9, 1.0E-9, 0.9078970479380714, 1.0E-9, 1.0E-9, 1.0E-9, 1.0E-9, 1.0E-9}, {1.0E-9, 1.0E-9, 1.0E-9, 1.0E-9, 1.0E-9, 1.0E-9, 1.0E-9, 1.0E-9, 1.0E-9, 1.0E-9, 1.0E-9, 1.0E-9, 1.0E-9, 1.0E-9, 0.9078970479380714, 1.0E-9, 1.0E-9, 1.0E-9, 1.0E-9}, {1.0E-9, 1.0E-9, 1.0E-9, 1.0E-9, 1.0E-9, 1.0E-9, 1.0E-9, 1.0E-9, 1.0E-9, 1.0E-9, 1.0E-9, 1.0E-9, 1.0E-9, 1.0E-9, 1.0E-9, 0.9078970479380714, 1.0E-9, 1.0E-9, 1.0E-9}, {1.0E-9, 1.0E-9, 1.0E-9, 1.0E-9, 1.0E-9, 1.0E-9, 1.0E-9, 1.0E-9, 1.0E-9, 1.0E-9, 1.0E-9, 1.0E-9, 1.0E-9, 1.0E-9, 1.0E-9, 1.0E-9, 0.9051308593572244, 1.0E-9, 1.0E-9}, {1.0E-9, 1.0E-9, 1.0E-9, 1.0E-9, 1.0E-9, 1.0E-9, 1.0E-9, 1.0E-9, 1.0E-9, 1.0E-9, 1.0E-9, 1.0E-9, 1.0E-9, 1.0E-9, 1.0E-9, 1.0E-9, 1.0E-9, 0.9078970479380714, 1.0E-9}, {1.0E-9, 1.0E-9, 1.0E-9, 1.0E-9, 1.0E-9, 1.0E-9, 1.0E-9, 1.0E-9, 1.0E-9, 1.0E-9, 1.0E-9, 1.0E-9, 1.0E-9, 1.0E-9, 1.0E-9, 1.0E-9, 1.0E-9, 1.0E-9, 0.9078970479380714}}
Processed in 938.563 ms(update only)
Processed in 4717 ms(total)
Incremental
Totle = 0(A), 0(B), 0(C), 0(all)
Labeled = 0(A), 0(B), 0(C), 0(all)
AllLabels : [0, 0, 0, 0, 0, 0, 0, 0, 0, 0, 0, 0, 0, 0, 0, 0, 0, 0, 0]
TrainLabels : [0, 0, 0, 0, 0, 0, 0, 0, 0, 0, 0, 0, 0, 0, 0, 0, 0, 0, 0]
Accuracy = NaN(A), NaN(B), NaN(C), NaN(all)
BER : NaN
Global
Totle = 98(A), 231(B), 36484(C), 36813(all)
Labeled = 16(A), 0(B), 0(C), 16(all)
AllLabels : [297, 188, 125, 86, 59, 98, 131, 57, 111, 42, 45, 7, 11, 1, 2, 1, 1, 5, 5]
TrainLabels : [15, 11, 7, 7, 0, 4, 9, 0, 1, 5, 0, 0, 0, 0, 0, 0, 0, 0, 0]
Accuracy = 0.811297(A), 0.717248(B), NaN(C), 0.741887(all)
BER : 0.9414612771459411
Done.
