0	149664.000000	149664.000000	43898.898056	149664.000000	149664.000000	43898.898056	149664.000000
1	57349.645297	146990.451921	22531.142989	80054.435932	153695.815480	167716.642320	131977.626465
2	19551.633474	144439.918547	18673.444729	30307.772226	168269.730312	49968.491539	121892.752568
3	12147.181261	141923.292772	20134.889726	31348.571958	170699.884582	23040.896607	110498.743991
4	14061.625123	139356.919348	21599.852576	8872.155785	169794.473078	16922.383122	99526.923380
5	17467.719719	136754.513952	21782.424760	9022.002294	168237.923167	11901.289387	88489.528683
6	20588.017963	134229.456327	22083.195317	13135.380249	166763.030586	8323.862278	78069.819560
7	23138.459729	131924.581270	23659.653969	14004.355475	165564.386652	5929.170256	68249.761199
8	25241.312512	129930.132212	26103.110790	7052.818506	164622.379699	4332.456682	59276.724013
9	27052.111262	128260.974056	28642.445271	1895.262564	163885.455025	3262.040425	51143.125418
10	28643.360731	126883.735069	30961.902432	742.128034	163302.671455	2534.330209	43898.898056
11	30049.197938	125747.399213	33127.078448	649.919201	162834.692961	2029.529477	37497.181382
12	31287.815625	124800.873735	35361.193747	691.181384	162452.619443	1670.997130	31902.437688
13	32374.006721	123998.667568	37895.875369	720.644923	162135.671176	1408.917386	27044.671663
14	33331.865452	123300.555396	40854.634630	729.908540	161868.872495	1211.689937	22858.417375
15	34197.476025	122668.943493	44163.898789	707.480942	161641.329993	1059.620384	19269.419542
16	35016.473071	122065.175575	47496.109774	641.273613	161445.008913	939.974315	16208.862567
17	35845.659582	121445.104770	50423.770048	541.821119	161273.891393	844.220857	13609.421175
18	36760.355698	120755.030922	52744.919878	457.561168	161123.398831	766.452643	11410.231411
19	37855.759232	119930.891793	54548.382485	417.473860	160989.994119	702.466147	9555.446625
20	39242.982964	118904.385825	56016.049762	429.694393	160870.905025	649.308306	7995.667475
21	41051.178892	117619.034083	57273.947824	502.857984	160763.929467	604.510242	6687.103672
22	43383.652378	116054.646020	58376.203570	614.553895	160667.296551	566.318613	5591.673122
23	46158.729095	114253.952125	59339.619004	731.449796	160579.565994	533.466090	4676.322240
24	49033.676030	112331.847478	60170.847908	806.173835	160499.554301	505.012073	3912.675740
25	51634.028570	110441.997039	60877.750625	783.411843	160426.279832	480.238173	3276.447605
26	53788.798448	108715.329210	61471.931397	659.692772	160358.921387	458.579268	2746.993237
27	55511.414895	107220.394279	61967.725825	508.430279	160296.786600	439.578323	2306.815809
28	56886.410571	105967.103440	62379.841555	393.621877	160239.287535	422.857121	1941.153071
29	58001.320654	104931.350162	62721.287409	324.359008	160185.921645	408.103242	1637.582490
30	58923.919045	104076.665503	63002.701812	286.333340	160136.256756	395.077379	1385.683015
31	59699.889223	103366.596656	63232.922584	277.274107	160089.919129	383.508250	1176.731500
32	60357.843445	102769.991901	63419.831069	276.767138	160046.583873	373.176569	1003.442323
33	60915.999054	102262.203916	63570.557864	278.240627	160005.967195	363.904714	859.741023
34	61387.611839	101824.453786	63691.261816	280.748892	159967.820086	355.548347	740.571140
35	61783.935620	101442.621569	63787.170507	283.591755	159931.923129	347.989381	641.729295
36	62115.067353	101105.994214	63862.817397	286.330440	159898.082228	341.130355	559.725357
37	62390.039757	100806.246040	63922.140837	288.408043	159866.125043	334.889961	491.664374
38	62616.963799	100536.819082	63968.419522	289.505622	159835.898021	329.199546	435.147074
39	62803.159797	100292.590468	64004.182310	289.529696	159807.263897	324.000438	388.186463
40	62955.151364	100069.567167	64031.240993	288.610235	159780.099588	319.241928	349.137893
41	63078.541778	99864.582887	64050.838106	287.106056	159754.294402	314.898053	316.640750
42	63177.910982	99675.109153	64063.786701	285.556823	159729.748515	310.923589	289.569769
43	63256.940455	99499.154404	64070.669316	284.492367	159706.371666	307.274575	266.994572
44	63318.827860	99335.148544	64072.137481	284.265143	159684.082038	303.913579	248.146015
45	63366.584573	99181.795499	64068.995547	284.957144	159662.805291	300.808797	232.388285
46	63402.910955	99037.959988	64061.997732	288.991094	159642.473724	297.933214	219.195752
47	63430.024357	98902.616352	64051.765173	294.238390	159623.025551	295.263835	208.133824
48	63449.678359	98774.853590	64038.852419	299.738268	159604.404266	292.781024	198.843089
49	63463.187000	98653.906810	64023.759821	304.698488	159586.558092	290.467925	191.026216
50	63471.419381	98539.151343	64006.934549	308.057789	159569.439494	288.309967	184.437127
51	63474.907723	98430.065616	63988.835800	310.563014	159553.004752	286.294438	178.872063
52	63474.124468	98326.212035	63969.964301	309.374412	159537.213589	284.410153	174.162200
53	63469.695309	98227.241930	63950.758119	304.402696	159522.028833	282.647175	170.167564
54	63462.368139	98132.897465	63931.469952	296.693199	159507.416128	280.996587	166.772007
55	63452.925044	98042.990798	63912.156398	287.714640	159493.343668	279.451932	163.879069
56	63442.081355	97957.368117	63892.729949	278.726620	159479.781965	278.014424	161.408557
57	63430.354386	97875.871805	63873.011462	270.551648	159466.703645	276.673366	159.293730
58	63418.042764	97798.313607	63852.784271	263.603996	159454.083257	275.419117	157.478977
59	63405.299146	97724.472945	63831.859411	257.989650	159441.897110	274.243058	155.917899
60	63392.195444	97654.110607	63810.147430	253.625858	159430.123121	273.137546	154.571727
61	63378.759044	97586.982902	63787.708520	251.238081	159418.740682	272.095855	153.408024
62	63365.004066	97522.846783	63764.719753	250.653720	159407.730539	271.112114	152.399598
63	63350.955393	97461.449871	63741.372140	250.979497	159397.074682	270.181230	151.523621
64	63336.642024	97402.521316	63717.819730	251.549346	159386.756245	269.298808	150.760892
65	63322.073197	97345.787995	63694.199232	252.301317	159376.759418	268.461069	150.095229
66	63307.226540	97291.016897	63670.643332	253.182873	159367.069365	267.664771	149.512966
67	63292.046734	97238.043244	63647.264055	254.147939	159357.672150	266.907129	149.002538
68	63276.450265	97186.755851	63624.124385	255.178157	159348.554670	266.185749	148.554137
69	63260.362213	97137.066499	63601.218909	256.238295	159339.704593	265.498560	148.159427
70	63243.801740	97088.888406	63578.484235	257.285008	159331.110302	264.843977	147.811305
71	63226.946936	97042.133498	63555.850750	258.303405	159322.760845	264.226620	147.503703
72	63210.084514	96996.733425	63533.306188	259.288074	159314.645887	263.643620	147.231428
73	63193.480100	96952.666410	63510.913949	260.240333	159306.755667	263.092244	146.990022
74	63177.308606	96909.958341	63488.775015	261.167855	159299.080959	262.569941	146.775651
75	63161.653249	96868.652413	63466.973768	262.091356	159291.613037	262.074352	146.585008
76	63146.502069	96828.773110	63445.541570	262.973614	159284.343639	261.603310	146.415231
77	63131.747229	96790.306930	63424.451807	263.794058	159277.264939	261.154842	146.263844
78	63117.217401	96753.200851	63403.644226	264.524155	159270.369516	260.727168	146.128691
79	63102.741512	96717.372334	63383.068638	265.125603	159263.650332	260.318693	146.007898
80	63088.202981	96682.730489	63362.725637	265.550674	159257.100703	259.928072	145.899827
81	63073.541407	96649.198461	63342.690209	265.745945	159250.714281	259.579530	145.803046
82	63058.710460	96616.716548	63323.204151	265.931018	159244.485030	259.244444	145.716298
83	63043.660609	96585.228493	63304.653280	265.962617	159238.407208	258.922308	145.638481
84	63028.382870	96554.668832	63287.191259	265.638582	159232.475351	258.612673	145.568622
85	63012.947328	96524.958410	63270.646056	264.944441	159226.684255	258.315131	145.505865
86	62997.472215	96496.003756	63254.742969	263.891545	159221.028960	258.029312	145.449451
87	62982.072055	96467.698906	63239.242642	262.527218	159215.504737	257.754872	145.398710
88	62966.840317	96439.942453	63223.975509	260.935403	159210.107074	257.491490	145.353048
89	62951.851806	96412.678440	63208.833806	259.220376	159204.831664	257.238859	145.311936
90	62937.161452	96385.913107	63193.736019	257.485666	159199.674395	256.997675	145.274904
91	62922.795147	96359.671684	63178.619086	255.817544	159194.631334	256.770153	145.241534
92	62908.743956	96333.951138	63163.483521	254.277026	159189.698725	256.555383	145.211452
93	62894.972411	96308.711161	63148.402811	252.905463	159184.872972	256.352424	145.184326
94	62881.441229	96283.891064	63133.480921	251.716458	159180.150635	256.160317	145.159857
95	62868.135024	96259.432215	63118.831612	250.725428	159175.528420	255.978106	145.137780
96	62855.074077	96235.292363	63104.564774	249.972485	159171.003172	255.804849	145.117855
97	62842.291588	96211.450451	63090.763041	249.306529	159166.571867	255.639633	145.099868
98	62829.784190	96187.906789	63077.467510	248.714006	159162.231604	255.481589	145.083627
99	62817.473807	96164.678515	63064.677088	248.214992	159157.979604	255.329898	145.068960
100	62817.473807	96164.678515	63064.677088	248.214992	159157.979604	255.329898	145.068960

